resolution_m: 0.025000
numberofangles: 16
totalnumberofprimitives: 160
[ 
[0.0000 0.0000 0.0000 0.0000]; 
[0.0028 0.0000 0.0000 0.0000]; 
[0.0056 0.0000 0.0000 0.0000]; 
[0.0083 0.0000 0.0000 0.0000]; 
[0.0111 0.0000 0.0000 0.0000]; 
[0.0139 0.0000 0.0000 0.0000]; 
[0.0167 0.0000 0.0000 0.0000]; 
[0.0194 0.0000 0.0000 0.0000]; 
[0.0222 0.0000 0.0000 0.0000]; 
[0.0250 0.0000 0.0000 0.0000]; 
]; 
[ 
[0.0000 0.0000 0.0000 0.0000]; 
[0.0222 0.0000 0.0000 0.0000]; 
[0.0444 0.0000 0.0000 0.0000]; 
[0.0667 0.0000 0.0000 0.0000]; 
[0.0889 0.0000 0.0000 0.0000]; 
[0.1111 0.0000 0.0000 0.0000]; 
[0.1333 0.0000 0.0000 0.0000]; 
[0.1556 0.0000 0.0000 0.0000]; 
[0.1778 0.0000 0.0000 0.0000]; 
[0.2000 0.0000 0.0000 0.0000]; 
]; 
[ 
[0.0000 0.0000 0.0000 0.0000]; 
[0.0226 -0.0000 0.0000 0.0000]; 
[0.0452 -0.0000 0.0000 0.0000]; 
[0.0678 -0.0000 0.0000 0.0000]; 
[0.0903 0.0004 0.0488 0.0000]; 
[0.1128 0.0023 0.1176 0.0000]; 
[0.1352 0.0057 0.1864 0.0000]; 
[0.1572 0.0106 0.2551 0.0000]; 
[0.1789 0.0171 0.3239 0.0000]; 
[0.2000 0.0250 0.3927 0.0000]; 
]; 
[ 
[0.0000 0.0000 0.0000 0.0000]; 
[0.0226 0.0000 0.0000 0.0000]; 
[0.0452 0.0000 0.0000 0.0000]; 
[0.0678 0.0000 0.0000 0.0000]; 
[0.0903 -0.0004 -0.0488 0.0000]; 
[0.1128 -0.0023 -0.1176 0.0000]; 
[0.1352 -0.0057 -0.1864 0.0000]; 
[0.1572 -0.0106 -0.2551 0.0000]; 
[0.1789 -0.0171 -0.3239 0.0000]; 
[0.2000 -0.0250 -0.3927 0.0000]; 
]; 
[ 
[0.0000 0.0000 0.0000 0.0000]; 
[0.0222 0.0000 0.0000 0.0028]; 
[0.0444 0.0000 0.0000 0.0056]; 
[0.0667 0.0000 0.0000 0.0083]; 
[0.0889 0.0000 0.0000 0.0111]; 
[0.1111 0.0000 0.0000 0.0139]; 
[0.1333 0.0000 0.0000 0.0167]; 
[0.1556 0.0000 0.0000 0.0194]; 
[0.1778 0.0000 0.0000 0.0222]; 
[0.2000 0.0000 0.0000 0.0250]; 
]; 
[ 
[0.0000 0.0000 0.0000 0.0000]; 
[0.0226 -0.0000 0.0000 0.0028]; 
[0.0452 -0.0000 0.0000 0.0056]; 
[0.0678 -0.0000 0.0000 0.0083]; 
[0.0903 0.0004 0.0488 0.0111]; 
[0.1128 0.0023 0.1176 0.0139]; 
[0.1352 0.0057 0.1864 0.0167]; 
[0.1572 0.0106 0.2551 0.0194]; 
[0.1789 0.0171 0.3239 0.0222]; 
[0.2000 0.0250 0.3927 0.0250]; 
]; 
[ 
[0.0000 0.0000 0.0000 0.0000]; 
[0.0226 0.0000 0.0000 0.0028]; 
[0.0452 0.0000 0.0000 0.0056]; 
[0.0678 0.0000 0.0000 0.0083]; 
[0.0903 -0.0004 -0.0488 0.0111]; 
[0.1128 -0.0023 -0.1176 0.0139]; 
[0.1352 -0.0057 -0.1864 0.0167]; 
[0.1572 -0.0106 -0.2551 0.0194]; 
[0.1789 -0.0171 -0.3239 0.0222]; 
[0.2000 -0.0250 -0.3927 0.0250]; 
]; 
[ 
[0.0000 0.0000 0.0000 0.0000]; 
[0.0222 0.0000 0.0000 -0.0028]; 
[0.0444 0.0000 0.0000 -0.0056]; 
[0.0667 0.0000 0.0000 -0.0083]; 
[0.0889 0.0000 0.0000 -0.0111]; 
[0.1111 0.0000 0.0000 -0.0139]; 
[0.1333 0.0000 0.0000 -0.0167]; 
[0.1556 0.0000 0.0000 -0.0194]; 
[0.1778 0.0000 0.0000 -0.0222]; 
[0.2000 0.0000 0.0000 -0.0250]; 
]; 
[ 
[0.0000 0.0000 0.0000 0.0000]; 
[0.0226 -0.0000 0.0000 -0.0028]; 
[0.0452 -0.0000 0.0000 -0.0056]; 
[0.0678 -0.0000 0.0000 -0.0083]; 
[0.0903 0.0004 0.0488 -0.0111]; 
[0.1128 0.0023 0.1176 -0.0139]; 
[0.1352 0.0057 0.1864 -0.0167]; 
[0.1572 0.0106 0.2551 -0.0194]; 
[0.1789 0.0171 0.3239 -0.0222]; 
[0.2000 0.0250 0.3927 -0.0250]; 
]; 
[ 
[0.0000 0.0000 0.0000 0.0000]; 
[0.0226 0.0000 0.0000 -0.0028]; 
[0.0452 0.0000 0.0000 -0.0056]; 
[0.0678 0.0000 0.0000 -0.0083]; 
[0.0903 -0.0004 -0.0488 -0.0111]; 
[0.1128 -0.0023 -0.1176 -0.0139]; 
[0.1352 -0.0057 -0.1864 -0.0167]; 
[0.1572 -0.0106 -0.2551 -0.0194]; 
[0.1789 -0.0171 -0.3239 -0.0222]; 
[0.2000 -0.0250 -0.3927 -0.0250]; 
]; 
