resolution_m: 0.025000
numberofangles: 16
totalnumberofprimitives: 160

MP mp0 = MP(
  0, 
  0, 
  Vec4( 1, 0, 0, 0), 
  0, 
  { 
    Vec4( 0.0000, 0.0000, 0.0000, 0.0000 ), 
    Vec4( 0.0028, 0.0000, 0.0000, 0.0000 ), 
    Vec4( 0.0056, 0.0000, 0.0000, 0.0000 ), 
    Vec4( 0.0083, 0.0000, 0.0000, 0.0000 ), 
    Vec4( 0.0111, 0.0000, 0.0000, 0.0000 ), 
    Vec4( 0.0139, 0.0000, 0.0000, 0.0000 ), 
    Vec4( 0.0167, 0.0000, 0.0000, 0.0000 ), 
    Vec4( 0.0194, 0.0000, 0.0000, 0.0000 ), 
    Vec4( 0.0222, 0.0000, 0.0000, 0.0000 ), 
    Vec4( 0.0250, 0.0000, 0.0000, 0.0000 )
  } 
);
mprims.push_back(mp0);

MP mp1 = MP(
  1, 
  0, 
  Vec4( 8, 0, 0, 0), 
  0, 
  { 
    Vec4( 0.0000, 0.0000, 0.0000, 0.0000 ), 
    Vec4( 0.0222, 0.0000, 0.0000, 0.0000 ), 
    Vec4( 0.0444, 0.0000, 0.0000, 0.0000 ), 
    Vec4( 0.0667, 0.0000, 0.0000, 0.0000 ), 
    Vec4( 0.0889, 0.0000, 0.0000, 0.0000 ), 
    Vec4( 0.1111, 0.0000, 0.0000, 0.0000 ), 
    Vec4( 0.1333, 0.0000, 0.0000, 0.0000 ), 
    Vec4( 0.1556, 0.0000, 0.0000, 0.0000 ), 
    Vec4( 0.1778, 0.0000, 0.0000, 0.0000 ), 
    Vec4( 0.2000, 0.0000, 0.0000, 0.0000 )
  } 
);
mprims.push_back(mp1);

MP mp2 = MP(
  2, 
  0, 
  Vec4( 8, 1, 1, 0), 
  0, 
  { 
    Vec4( 0.0000, 0.0000, 0.0000, 0.0000 ), 
    Vec4( 0.0226, -0.0000, 0.0000, 0.0000 ), 
    Vec4( 0.0452, -0.0000, 0.0000, 0.0000 ), 
    Vec4( 0.0678, -0.0000, 0.0000, 0.0000 ), 
    Vec4( 0.0903, 0.0004, 0.0488, 0.0000 ), 
    Vec4( 0.1128, 0.0023, 0.1176, 0.0000 ), 
    Vec4( 0.1352, 0.0057, 0.1864, 0.0000 ), 
    Vec4( 0.1572, 0.0106, 0.2551, 0.0000 ), 
    Vec4( 0.1789, 0.0171, 0.3239, 0.0000 ), 
    Vec4( 0.2000, 0.0250, 0.3927, 0.0000 )
  } 
);
mprims.push_back(mp2);

MP mp3 = MP(
  3, 
  0, 
  Vec4( 8, -1, 15, 0), 
  0, 
  { 
    Vec4( 0.0000, 0.0000, 0.0000, 0.0000 ), 
    Vec4( 0.0226, 0.0000, 0.0000, 0.0000 ), 
    Vec4( 0.0452, 0.0000, 0.0000, 0.0000 ), 
    Vec4( 0.0678, 0.0000, 0.0000, 0.0000 ), 
    Vec4( 0.0903, -0.0004, -0.0488, 0.0000 ), 
    Vec4( 0.1128, -0.0023, -0.1176, 0.0000 ), 
    Vec4( 0.1352, -0.0057, -0.1864, 0.0000 ), 
    Vec4( 0.1572, -0.0106, -0.2551, 0.0000 ), 
    Vec4( 0.1789, -0.0171, -0.3239, 0.0000 ), 
    Vec4( 0.2000, -0.0250, -0.3927, 0.0000 )
  } 
);
mprims.push_back(mp3);

MP mp4 = MP(
  4, 
  0, 
  Vec4( 8, 0, 0, 1), 
  1, 
  { 
    Vec4( 0.0000, 0.0000, 0.0000, 0.0000 ), 
    Vec4( 0.0222, 0.0000, 0.0000, 0.0028 ), 
    Vec4( 0.0444, 0.0000, 0.0000, 0.0056 ), 
    Vec4( 0.0667, 0.0000, 0.0000, 0.0083 ), 
    Vec4( 0.0889, 0.0000, 0.0000, 0.0111 ), 
    Vec4( 0.1111, 0.0000, 0.0000, 0.0139 ), 
    Vec4( 0.1333, 0.0000, 0.0000, 0.0167 ), 
    Vec4( 0.1556, 0.0000, 0.0000, 0.0194 ), 
    Vec4( 0.1778, 0.0000, 0.0000, 0.0222 ), 
    Vec4( 0.2000, 0.0000, 0.0000, 0.0250 )
  } 
);
mprims.push_back(mp4);

MP mp5 = MP(
  5, 
  0, 
  Vec4( 8, 1, 1, 1), 
  1, 
  { 
    Vec4( 0.0000, 0.0000, 0.0000, 0.0000 ), 
    Vec4( 0.0226, -0.0000, 0.0000, 0.0028 ), 
    Vec4( 0.0452, -0.0000, 0.0000, 0.0056 ), 
    Vec4( 0.0678, -0.0000, 0.0000, 0.0083 ), 
    Vec4( 0.0903, 0.0004, 0.0488, 0.0111 ), 
    Vec4( 0.1128, 0.0023, 0.1176, 0.0139 ), 
    Vec4( 0.1352, 0.0057, 0.1864, 0.0167 ), 
    Vec4( 0.1572, 0.0106, 0.2551, 0.0194 ), 
    Vec4( 0.1789, 0.0171, 0.3239, 0.0222 ), 
    Vec4( 0.2000, 0.0250, 0.3927, 0.0250 )
  } 
);
mprims.push_back(mp5);

MP mp6 = MP(
  6, 
  0, 
  Vec4( 8, -1, 15, 1), 
  1, 
  { 
    Vec4( 0.0000, 0.0000, 0.0000, 0.0000 ), 
    Vec4( 0.0226, 0.0000, 0.0000, 0.0028 ), 
    Vec4( 0.0452, 0.0000, 0.0000, 0.0056 ), 
    Vec4( 0.0678, 0.0000, 0.0000, 0.0083 ), 
    Vec4( 0.0903, -0.0004, -0.0488, 0.0111 ), 
    Vec4( 0.1128, -0.0023, -0.1176, 0.0139 ), 
    Vec4( 0.1352, -0.0057, -0.1864, 0.0167 ), 
    Vec4( 0.1572, -0.0106, -0.2551, 0.0194 ), 
    Vec4( 0.1789, -0.0171, -0.3239, 0.0222 ), 
    Vec4( 0.2000, -0.0250, -0.3927, 0.0250 )
  } 
);
mprims.push_back(mp6);

MP mp7 = MP(
  7, 
  0, 
  Vec4( 8, 0, 0, -1), 
  -1, 
  { 
    Vec4( 0.0000, 0.0000, 0.0000, 0.0000 ), 
    Vec4( 0.0222, 0.0000, 0.0000, -0.0028 ), 
    Vec4( 0.0444, 0.0000, 0.0000, -0.0056 ), 
    Vec4( 0.0667, 0.0000, 0.0000, -0.0083 ), 
    Vec4( 0.0889, 0.0000, 0.0000, -0.0111 ), 
    Vec4( 0.1111, 0.0000, 0.0000, -0.0139 ), 
    Vec4( 0.1333, 0.0000, 0.0000, -0.0167 ), 
    Vec4( 0.1556, 0.0000, 0.0000, -0.0194 ), 
    Vec4( 0.1778, 0.0000, 0.0000, -0.0222 ), 
    Vec4( 0.2000, 0.0000, 0.0000, -0.0250 )
  } 
);
mprims.push_back(mp7);

MP mp8 = MP(
  8, 
  0, 
  Vec4( 8, 1, 1, -1), 
  -1, 
  { 
    Vec4( 0.0000, 0.0000, 0.0000, 0.0000 ), 
    Vec4( 0.0226, -0.0000, 0.0000, -0.0028 ), 
    Vec4( 0.0452, -0.0000, 0.0000, -0.0056 ), 
    Vec4( 0.0678, -0.0000, 0.0000, -0.0083 ), 
    Vec4( 0.0903, 0.0004, 0.0488, -0.0111 ), 
    Vec4( 0.1128, 0.0023, 0.1176, -0.0139 ), 
    Vec4( 0.1352, 0.0057, 0.1864, -0.0167 ), 
    Vec4( 0.1572, 0.0106, 0.2551, -0.0194 ), 
    Vec4( 0.1789, 0.0171, 0.3239, -0.0222 ), 
    Vec4( 0.2000, 0.0250, 0.3927, -0.0250 )
  } 
);
mprims.push_back(mp8);

MP mp9 = MP(
  9, 
  0, 
  Vec4( 8, -1, 15, -1), 
  -1, 
  { 
    Vec4( 0.0000, 0.0000, 0.0000, 0.0000 ), 
    Vec4( 0.0226, 0.0000, 0.0000, -0.0028 ), 
    Vec4( 0.0452, 0.0000, 0.0000, -0.0056 ), 
    Vec4( 0.0678, 0.0000, 0.0000, -0.0083 ), 
    Vec4( 0.0903, -0.0004, -0.0488, -0.0111 ), 
    Vec4( 0.1128, -0.0023, -0.1176, -0.0139 ), 
    Vec4( 0.1352, -0.0057, -0.1864, -0.0167 ), 
    Vec4( 0.1572, -0.0106, -0.2551, -0.0194 ), 
    Vec4( 0.1789, -0.0171, -0.3239, -0.0222 ), 
    Vec4( 0.2000, -0.0250, -0.3927, -0.0250 )
  } 
);
mprims.push_back(mp9);

MP mp10 = MP(
  10, 
  1, 
  Vec4( 2, 1, 1, 0), 
  0, 
  { 
    Vec4( 0.0000, 0.0000, 0.3927, 0.0000 ), 
    Vec4( 0.0056, 0.0028, 0.3927, 0.0000 ), 
    Vec4( 0.0111, 0.0056, 0.3927, 0.0000 ), 
    Vec4( 0.0167, 0.0083, 0.3927, 0.0000 ), 
    Vec4( 0.0222, 0.0111, 0.3927, 0.0000 ), 
    Vec4( 0.0278, 0.0139, 0.3927, 0.0000 ), 
    Vec4( 0.0333, 0.0167, 0.3927, 0.0000 ), 
    Vec4( 0.0389, 0.0194, 0.3927, 0.0000 ), 
    Vec4( 0.0444, 0.0222, 0.3927, 0.0000 ), 
    Vec4( 0.0500, 0.0250, 0.3927, 0.0000 )
  } 
);
mprims.push_back(mp10);

MP mp11 = MP(
  11, 
  1, 
  Vec4( 6, 3, 1, 0), 
  0, 
  { 
    Vec4( 0.0000, 0.0000, 0.3927, 0.0000 ), 
    Vec4( 0.0167, 0.0083, 0.3927, 0.0000 ), 
    Vec4( 0.0333, 0.0167, 0.3927, 0.0000 ), 
    Vec4( 0.0500, 0.0250, 0.3927, 0.0000 ), 
    Vec4( 0.0667, 0.0333, 0.3927, 0.0000 ), 
    Vec4( 0.0833, 0.0417, 0.3927, 0.0000 ), 
    Vec4( 0.1000, 0.0500, 0.3927, 0.0000 ), 
    Vec4( 0.1167, 0.0583, 0.3927, 0.0000 ), 
    Vec4( 0.1333, 0.0667, 0.3927, 0.0000 ), 
    Vec4( 0.1500, 0.0750, 0.3927, 0.0000 )
  } 
);
mprims.push_back(mp11);

MP mp12 = MP(
  12, 
  1, 
  Vec4( 5, 4, 2, 0), 
  0, 
  { 
    Vec4( 0.0000, 0.0000, 0.3927, 0.0000 ), 
    Vec4( 0.0149, 0.0092, 0.4230, 0.0000 ), 
    Vec4( 0.0296, 0.0189, 0.4533, 0.0000 ), 
    Vec4( 0.0440, 0.0291, 0.4836, 0.0000 ), 
    Vec4( 0.0582, 0.0398, 0.5139, 0.0000 ), 
    Vec4( 0.0722, 0.0509, 0.5442, 0.0000 ), 
    Vec4( 0.0858, 0.0625, 0.5745, 0.0000 ), 
    Vec4( 0.0992, 0.0746, 0.6048, 0.0000 ), 
    Vec4( 0.1123, 0.0871, 0.6351, 0.0000 ), 
    Vec4( 0.1250, 0.1000, 0.6654, 0.0000 )
  } 
);
mprims.push_back(mp12);

MP mp13 = MP(
  13, 
  1, 
  Vec4( 7, 2, 0, 0), 
  0, 
  { 
    Vec4( 0.0000, 0.0000, 0.3927, 0.0000 ), 
    Vec4( 0.0188, 0.0078, 0.3927, 0.0000 ), 
    Vec4( 0.0377, 0.0156, 0.3927, 0.0000 ), 
    Vec4( 0.0565, 0.0234, 0.3927, 0.0000 ), 
    Vec4( 0.0754, 0.0312, 0.3736, 0.0000 ), 
    Vec4( 0.0946, 0.0379, 0.2989, 0.0000 ), 
    Vec4( 0.1143, 0.0432, 0.2242, 0.0000 ), 
    Vec4( 0.1344, 0.0470, 0.1494, 0.0000 ), 
    Vec4( 0.1546, 0.0492, 0.0747, 0.0000 ), 
    Vec4( 0.1750, 0.0500, -0.0000, 0.0000 )
  } 
);
mprims.push_back(mp13);

MP mp14 = MP(
  14, 
  1, 
  Vec4( 6, 3, 1, 1), 
  1, 
  { 
    Vec4( 0.0000, 0.0000, 0.3927, 0.0000 ), 
    Vec4( 0.0167, 0.0083, 0.3927, 0.0028 ), 
    Vec4( 0.0333, 0.0167, 0.3927, 0.0056 ), 
    Vec4( 0.0500, 0.0250, 0.3927, 0.0083 ), 
    Vec4( 0.0667, 0.0333, 0.3927, 0.0111 ), 
    Vec4( 0.0833, 0.0417, 0.3927, 0.0139 ), 
    Vec4( 0.1000, 0.0500, 0.3927, 0.0167 ), 
    Vec4( 0.1167, 0.0583, 0.3927, 0.0194 ), 
    Vec4( 0.1333, 0.0667, 0.3927, 0.0222 ), 
    Vec4( 0.1500, 0.0750, 0.3927, 0.0250 )
  } 
);
mprims.push_back(mp14);

MP mp15 = MP(
  15, 
  1, 
  Vec4( 5, 4, 2, 1), 
  1, 
  { 
    Vec4( 0.0000, 0.0000, 0.3927, 0.0000 ), 
    Vec4( 0.0149, 0.0092, 0.4230, 0.0028 ), 
    Vec4( 0.0296, 0.0189, 0.4533, 0.0056 ), 
    Vec4( 0.0440, 0.0291, 0.4836, 0.0083 ), 
    Vec4( 0.0582, 0.0398, 0.5139, 0.0111 ), 
    Vec4( 0.0722, 0.0509, 0.5442, 0.0139 ), 
    Vec4( 0.0858, 0.0625, 0.5745, 0.0167 ), 
    Vec4( 0.0992, 0.0746, 0.6048, 0.0194 ), 
    Vec4( 0.1123, 0.0871, 0.6351, 0.0222 ), 
    Vec4( 0.1250, 0.1000, 0.6654, 0.0250 )
  } 
);
mprims.push_back(mp15);

MP mp16 = MP(
  16, 
  1, 
  Vec4( 7, 2, 0, 1), 
  1, 
  { 
    Vec4( 0.0000, 0.0000, 0.3927, 0.0000 ), 
    Vec4( 0.0188, 0.0078, 0.3927, 0.0028 ), 
    Vec4( 0.0377, 0.0156, 0.3927, 0.0056 ), 
    Vec4( 0.0565, 0.0234, 0.3927, 0.0083 ), 
    Vec4( 0.0754, 0.0312, 0.3736, 0.0111 ), 
    Vec4( 0.0946, 0.0379, 0.2989, 0.0139 ), 
    Vec4( 0.1143, 0.0432, 0.2242, 0.0167 ), 
    Vec4( 0.1344, 0.0470, 0.1494, 0.0194 ), 
    Vec4( 0.1546, 0.0492, 0.0747, 0.0222 ), 
    Vec4( 0.1750, 0.0500, -0.0000, 0.0250 )
  } 
);
mprims.push_back(mp16);

MP mp17 = MP(
  17, 
  1, 
  Vec4( 6, 3, 1, -1), 
  -1, 
  { 
    Vec4( 0.0000, 0.0000, 0.3927, 0.0000 ), 
    Vec4( 0.0167, 0.0083, 0.3927, -0.0028 ), 
    Vec4( 0.0333, 0.0167, 0.3927, -0.0056 ), 
    Vec4( 0.0500, 0.0250, 0.3927, -0.0083 ), 
    Vec4( 0.0667, 0.0333, 0.3927, -0.0111 ), 
    Vec4( 0.0833, 0.0417, 0.3927, -0.0139 ), 
    Vec4( 0.1000, 0.0500, 0.3927, -0.0167 ), 
    Vec4( 0.1167, 0.0583, 0.3927, -0.0194 ), 
    Vec4( 0.1333, 0.0667, 0.3927, -0.0222 ), 
    Vec4( 0.1500, 0.0750, 0.3927, -0.0250 )
  } 
);
mprims.push_back(mp17);

MP mp18 = MP(
  18, 
  1, 
  Vec4( 5, 4, 2, -1), 
  -1, 
  { 
    Vec4( 0.0000, 0.0000, 0.3927, 0.0000 ), 
    Vec4( 0.0149, 0.0092, 0.4230, -0.0028 ), 
    Vec4( 0.0296, 0.0189, 0.4533, -0.0056 ), 
    Vec4( 0.0440, 0.0291, 0.4836, -0.0083 ), 
    Vec4( 0.0582, 0.0398, 0.5139, -0.0111 ), 
    Vec4( 0.0722, 0.0509, 0.5442, -0.0139 ), 
    Vec4( 0.0858, 0.0625, 0.5745, -0.0167 ), 
    Vec4( 0.0992, 0.0746, 0.6048, -0.0194 ), 
    Vec4( 0.1123, 0.0871, 0.6351, -0.0222 ), 
    Vec4( 0.1250, 0.1000, 0.6654, -0.0250 )
  } 
);
mprims.push_back(mp18);

MP mp19 = MP(
  19, 
  1, 
  Vec4( 7, 2, 0, -1), 
  -1, 
  { 
    Vec4( 0.0000, 0.0000, 0.3927, 0.0000 ), 
    Vec4( 0.0188, 0.0078, 0.3927, -0.0028 ), 
    Vec4( 0.0377, 0.0156, 0.3927, -0.0056 ), 
    Vec4( 0.0565, 0.0234, 0.3927, -0.0083 ), 
    Vec4( 0.0754, 0.0312, 0.3736, -0.0111 ), 
    Vec4( 0.0946, 0.0379, 0.2989, -0.0139 ), 
    Vec4( 0.1143, 0.0432, 0.2242, -0.0167 ), 
    Vec4( 0.1344, 0.0470, 0.1494, -0.0194 ), 
    Vec4( 0.1546, 0.0492, 0.0747, -0.0222 ), 
    Vec4( 0.1750, 0.0500, -0.0000, -0.0250 )
  } 
);
mprims.push_back(mp19);

MP mp20 = MP(
  20, 
  2, 
  Vec4( 1, 1, 2, 0), 
  0, 
  { 
    Vec4( 0.0000, 0.0000, 0.7854, 0.0000 ), 
    Vec4( 0.0028, 0.0028, 0.7854, 0.0000 ), 
    Vec4( 0.0056, 0.0056, 0.7854, 0.0000 ), 
    Vec4( 0.0083, 0.0083, 0.7854, 0.0000 ), 
    Vec4( 0.0111, 0.0111, 0.7854, 0.0000 ), 
    Vec4( 0.0139, 0.0139, 0.7854, 0.0000 ), 
    Vec4( 0.0167, 0.0167, 0.7854, 0.0000 ), 
    Vec4( 0.0194, 0.0194, 0.7854, 0.0000 ), 
    Vec4( 0.0222, 0.0222, 0.7854, 0.0000 ), 
    Vec4( 0.0250, 0.0250, 0.7854, 0.0000 )
  } 
);
mprims.push_back(mp20);

MP mp21 = MP(
  21, 
  2, 
  Vec4( 6, 6, 2, 0), 
  0, 
  { 
    Vec4( 0.0000, 0.0000, 0.7854, 0.0000 ), 
    Vec4( 0.0167, 0.0167, 0.7854, 0.0000 ), 
    Vec4( 0.0333, 0.0333, 0.7854, 0.0000 ), 
    Vec4( 0.0500, 0.0500, 0.7854, 0.0000 ), 
    Vec4( 0.0667, 0.0667, 0.7854, 0.0000 ), 
    Vec4( 0.0833, 0.0833, 0.7854, 0.0000 ), 
    Vec4( 0.1000, 0.1000, 0.7854, 0.0000 ), 
    Vec4( 0.1167, 0.1167, 0.7854, 0.0000 ), 
    Vec4( 0.1333, 0.1333, 0.7854, 0.0000 ), 
    Vec4( 0.1500, 0.1500, 0.7854, 0.0000 )
  } 
);
mprims.push_back(mp21);

MP mp22 = MP(
  22, 
  2, 
  Vec4( 5, 7, 3, 0), 
  0, 
  { 
    Vec4( 0.0000, 0.0000, 0.7854, 0.0000 ), 
    Vec4( 0.0170, 0.0170, 0.7854, 0.0000 ), 
    Vec4( 0.0339, 0.0342, 0.8151, 0.0000 ), 
    Vec4( 0.0500, 0.0522, 0.8669, 0.0000 ), 
    Vec4( 0.0651, 0.0709, 0.9188, 0.0000 ), 
    Vec4( 0.0792, 0.0904, 0.9707, 0.0000 ), 
    Vec4( 0.0923, 0.1107, 1.0225, 0.0000 ), 
    Vec4( 0.1043, 0.1315, 1.0744, 0.0000 ), 
    Vec4( 0.1152, 0.1530, 1.1262, 0.0000 ), 
    Vec4( 0.1250, 0.1750, 1.1781, 0.0000 )
  } 
);
mprims.push_back(mp22);

MP mp23 = MP(
  23, 
  2, 
  Vec4( 7, 5, 1, 0), 
  0, 
  { 
    Vec4( 0.0000, 0.0000, 0.7854, 0.0000 ), 
    Vec4( 0.0170, 0.0170, 0.7854, 0.0000 ), 
    Vec4( 0.0342, 0.0339, 0.7557, 0.0000 ), 
    Vec4( 0.0522, 0.0500, 0.7039, 0.0000 ), 
    Vec4( 0.0709, 0.0651, 0.6520, 0.0000 ), 
    Vec4( 0.0904, 0.0792, 0.6001, 0.0000 ), 
    Vec4( 0.1107, 0.0923, 0.5483, 0.0000 ), 
    Vec4( 0.1315, 0.1043, 0.4964, 0.0000 ), 
    Vec4( 0.1530, 0.1152, 0.4446, 0.0000 ), 
    Vec4( 0.1750, 0.1250, 0.3927, 0.0000 )
  } 
);
mprims.push_back(mp23);

MP mp24 = MP(
  24, 
  2, 
  Vec4( 6, 6, 2, 1), 
  1, 
  { 
    Vec4( 0.0000, 0.0000, 0.7854, 0.0000 ), 
    Vec4( 0.0167, 0.0167, 0.7854, 0.0028 ), 
    Vec4( 0.0333, 0.0333, 0.7854, 0.0056 ), 
    Vec4( 0.0500, 0.0500, 0.7854, 0.0083 ), 
    Vec4( 0.0667, 0.0667, 0.7854, 0.0111 ), 
    Vec4( 0.0833, 0.0833, 0.7854, 0.0139 ), 
    Vec4( 0.1000, 0.1000, 0.7854, 0.0167 ), 
    Vec4( 0.1167, 0.1167, 0.7854, 0.0194 ), 
    Vec4( 0.1333, 0.1333, 0.7854, 0.0222 ), 
    Vec4( 0.1500, 0.1500, 0.7854, 0.0250 )
  } 
);
mprims.push_back(mp24);

MP mp25 = MP(
  25, 
  2, 
  Vec4( 5, 7, 3, 1), 
  1, 
  { 
    Vec4( 0.0000, 0.0000, 0.7854, 0.0000 ), 
    Vec4( 0.0170, 0.0170, 0.7854, 0.0028 ), 
    Vec4( 0.0339, 0.0342, 0.8151, 0.0056 ), 
    Vec4( 0.0500, 0.0522, 0.8669, 0.0083 ), 
    Vec4( 0.0651, 0.0709, 0.9188, 0.0111 ), 
    Vec4( 0.0792, 0.0904, 0.9707, 0.0139 ), 
    Vec4( 0.0923, 0.1107, 1.0225, 0.0167 ), 
    Vec4( 0.1043, 0.1315, 1.0744, 0.0194 ), 
    Vec4( 0.1152, 0.1530, 1.1262, 0.0222 ), 
    Vec4( 0.1250, 0.1750, 1.1781, 0.0250 )
  } 
);
mprims.push_back(mp25);

MP mp26 = MP(
  26, 
  2, 
  Vec4( 7, 5, 1, 1), 
  1, 
  { 
    Vec4( 0.0000, 0.0000, 0.7854, 0.0000 ), 
    Vec4( 0.0170, 0.0170, 0.7854, 0.0028 ), 
    Vec4( 0.0342, 0.0339, 0.7557, 0.0056 ), 
    Vec4( 0.0522, 0.0500, 0.7039, 0.0083 ), 
    Vec4( 0.0709, 0.0651, 0.6520, 0.0111 ), 
    Vec4( 0.0904, 0.0792, 0.6001, 0.0139 ), 
    Vec4( 0.1107, 0.0923, 0.5483, 0.0167 ), 
    Vec4( 0.1315, 0.1043, 0.4964, 0.0194 ), 
    Vec4( 0.1530, 0.1152, 0.4446, 0.0222 ), 
    Vec4( 0.1750, 0.1250, 0.3927, 0.0250 )
  } 
);
mprims.push_back(mp26);

MP mp27 = MP(
  27, 
  2, 
  Vec4( 6, 6, 2, -1), 
  -1, 
  { 
    Vec4( 0.0000, 0.0000, 0.7854, 0.0000 ), 
    Vec4( 0.0167, 0.0167, 0.7854, -0.0028 ), 
    Vec4( 0.0333, 0.0333, 0.7854, -0.0056 ), 
    Vec4( 0.0500, 0.0500, 0.7854, -0.0083 ), 
    Vec4( 0.0667, 0.0667, 0.7854, -0.0111 ), 
    Vec4( 0.0833, 0.0833, 0.7854, -0.0139 ), 
    Vec4( 0.1000, 0.1000, 0.7854, -0.0167 ), 
    Vec4( 0.1167, 0.1167, 0.7854, -0.0194 ), 
    Vec4( 0.1333, 0.1333, 0.7854, -0.0222 ), 
    Vec4( 0.1500, 0.1500, 0.7854, -0.0250 )
  } 
);
mprims.push_back(mp27);

MP mp28 = MP(
  28, 
  2, 
  Vec4( 5, 7, 3, -1), 
  -1, 
  { 
    Vec4( 0.0000, 0.0000, 0.7854, 0.0000 ), 
    Vec4( 0.0170, 0.0170, 0.7854, -0.0028 ), 
    Vec4( 0.0339, 0.0342, 0.8151, -0.0056 ), 
    Vec4( 0.0500, 0.0522, 0.8669, -0.0083 ), 
    Vec4( 0.0651, 0.0709, 0.9188, -0.0111 ), 
    Vec4( 0.0792, 0.0904, 0.9707, -0.0139 ), 
    Vec4( 0.0923, 0.1107, 1.0225, -0.0167 ), 
    Vec4( 0.1043, 0.1315, 1.0744, -0.0194 ), 
    Vec4( 0.1152, 0.1530, 1.1262, -0.0222 ), 
    Vec4( 0.1250, 0.1750, 1.1781, -0.0250 )
  } 
);
mprims.push_back(mp28);

MP mp29 = MP(
  29, 
  2, 
  Vec4( 7, 5, 1, -1), 
  -1, 
  { 
    Vec4( 0.0000, 0.0000, 0.7854, 0.0000 ), 
    Vec4( 0.0170, 0.0170, 0.7854, -0.0028 ), 
    Vec4( 0.0342, 0.0339, 0.7557, -0.0056 ), 
    Vec4( 0.0522, 0.0500, 0.7039, -0.0083 ), 
    Vec4( 0.0709, 0.0651, 0.6520, -0.0111 ), 
    Vec4( 0.0904, 0.0792, 0.6001, -0.0139 ), 
    Vec4( 0.1107, 0.0923, 0.5483, -0.0167 ), 
    Vec4( 0.1315, 0.1043, 0.4964, -0.0194 ), 
    Vec4( 0.1530, 0.1152, 0.4446, -0.0222 ), 
    Vec4( 0.1750, 0.1250, 0.3927, -0.0250 )
  } 
);
mprims.push_back(mp29);

MP mp30 = MP(
  30, 
  3, 
  Vec4( 1, 2, 3, 0), 
  0, 
  { 
    Vec4( 0.0000, 0.0000, 1.1781, 0.0000 ), 
    Vec4( 0.0028, 0.0056, 1.1781, 0.0000 ), 
    Vec4( 0.0056, 0.0111, 1.1781, 0.0000 ), 
    Vec4( 0.0083, 0.0167, 1.1781, 0.0000 ), 
    Vec4( 0.0111, 0.0222, 1.1781, 0.0000 ), 
    Vec4( 0.0139, 0.0278, 1.1781, 0.0000 ), 
    Vec4( 0.0167, 0.0333, 1.1781, 0.0000 ), 
    Vec4( 0.0194, 0.0389, 1.1781, 0.0000 ), 
    Vec4( 0.0222, 0.0444, 1.1781, 0.0000 ), 
    Vec4( 0.0250, 0.0500, 1.1781, 0.0000 )
  } 
);
mprims.push_back(mp30);

MP mp31 = MP(
  31, 
  3, 
  Vec4( 3, 6, 3, 0), 
  0, 
  { 
    Vec4( 0.0000, 0.0000, 1.1781, 0.0000 ), 
    Vec4( 0.0083, 0.0167, 1.1781, 0.0000 ), 
    Vec4( 0.0167, 0.0333, 1.1781, 0.0000 ), 
    Vec4( 0.0250, 0.0500, 1.1781, 0.0000 ), 
    Vec4( 0.0333, 0.0667, 1.1781, 0.0000 ), 
    Vec4( 0.0417, 0.0833, 1.1781, 0.0000 ), 
    Vec4( 0.0500, 0.1000, 1.1781, 0.0000 ), 
    Vec4( 0.0583, 0.1167, 1.1781, 0.0000 ), 
    Vec4( 0.0667, 0.1333, 1.1781, 0.0000 ), 
    Vec4( 0.0750, 0.1500, 1.1781, 0.0000 )
  } 
);
mprims.push_back(mp31);

MP mp32 = MP(
  32, 
  3, 
  Vec4( 4, 5, 2, 0), 
  0, 
  { 
    Vec4( 0.0000, 0.0000, 1.1781, 0.0000 ), 
    Vec4( 0.0092, 0.0149, 1.1478, 0.0000 ), 
    Vec4( 0.0189, 0.0296, 1.1175, 0.0000 ), 
    Vec4( 0.0291, 0.0440, 1.0872, 0.0000 ), 
    Vec4( 0.0398, 0.0582, 1.0569, 0.0000 ), 
    Vec4( 0.0509, 0.0722, 1.0266, 0.0000 ), 
    Vec4( 0.0625, 0.0858, 0.9963, 0.0000 ), 
    Vec4( 0.0746, 0.0992, 0.9660, 0.0000 ), 
    Vec4( 0.0871, 0.1123, 0.9357, 0.0000 ), 
    Vec4( 0.1000, 0.1250, 0.9054, 0.0000 )
  } 
);
mprims.push_back(mp32);

MP mp33 = MP(
  33, 
  3, 
  Vec4( 2, 7, 4, 0), 
  0, 
  { 
    Vec4( 0.0000, 0.0000, 1.1781, 0.0000 ), 
    Vec4( 0.0078, 0.0188, 1.1781, 0.0000 ), 
    Vec4( 0.0156, 0.0377, 1.1781, 0.0000 ), 
    Vec4( 0.0234, 0.0565, 1.1781, 0.0000 ), 
    Vec4( 0.0312, 0.0754, 1.1972, 0.0000 ), 
    Vec4( 0.0379, 0.0946, 1.2719, 0.0000 ), 
    Vec4( 0.0432, 0.1143, 1.3466, 0.0000 ), 
    Vec4( 0.0470, 0.1344, 1.4214, 0.0000 ), 
    Vec4( 0.0492, 0.1546, 1.4961, 0.0000 ), 
    Vec4( 0.0500, 0.1750, 1.5708, 0.0000 )
  } 
);
mprims.push_back(mp33);

MP mp34 = MP(
  34, 
  3, 
  Vec4( 3, 6, 3, 1), 
  1, 
  { 
    Vec4( 0.0000, 0.0000, 1.1781, 0.0000 ), 
    Vec4( 0.0083, 0.0167, 1.1781, 0.0028 ), 
    Vec4( 0.0167, 0.0333, 1.1781, 0.0056 ), 
    Vec4( 0.0250, 0.0500, 1.1781, 0.0083 ), 
    Vec4( 0.0333, 0.0667, 1.1781, 0.0111 ), 
    Vec4( 0.0417, 0.0833, 1.1781, 0.0139 ), 
    Vec4( 0.0500, 0.1000, 1.1781, 0.0167 ), 
    Vec4( 0.0583, 0.1167, 1.1781, 0.0194 ), 
    Vec4( 0.0667, 0.1333, 1.1781, 0.0222 ), 
    Vec4( 0.0750, 0.1500, 1.1781, 0.0250 )
  } 
);
mprims.push_back(mp34);

MP mp35 = MP(
  35, 
  3, 
  Vec4( 4, 5, 2, 1), 
  1, 
  { 
    Vec4( 0.0000, 0.0000, 1.1781, 0.0000 ), 
    Vec4( 0.0092, 0.0149, 1.1478, 0.0028 ), 
    Vec4( 0.0189, 0.0296, 1.1175, 0.0056 ), 
    Vec4( 0.0291, 0.0440, 1.0872, 0.0083 ), 
    Vec4( 0.0398, 0.0582, 1.0569, 0.0111 ), 
    Vec4( 0.0509, 0.0722, 1.0266, 0.0139 ), 
    Vec4( 0.0625, 0.0858, 0.9963, 0.0167 ), 
    Vec4( 0.0746, 0.0992, 0.9660, 0.0194 ), 
    Vec4( 0.0871, 0.1123, 0.9357, 0.0222 ), 
    Vec4( 0.1000, 0.1250, 0.9054, 0.0250 )
  } 
);
mprims.push_back(mp35);

MP mp36 = MP(
  36, 
  3, 
  Vec4( 2, 7, 4, 1), 
  1, 
  { 
    Vec4( 0.0000, 0.0000, 1.1781, 0.0000 ), 
    Vec4( 0.0078, 0.0188, 1.1781, 0.0028 ), 
    Vec4( 0.0156, 0.0377, 1.1781, 0.0056 ), 
    Vec4( 0.0234, 0.0565, 1.1781, 0.0083 ), 
    Vec4( 0.0312, 0.0754, 1.1972, 0.0111 ), 
    Vec4( 0.0379, 0.0946, 1.2719, 0.0139 ), 
    Vec4( 0.0432, 0.1143, 1.3466, 0.0167 ), 
    Vec4( 0.0470, 0.1344, 1.4214, 0.0194 ), 
    Vec4( 0.0492, 0.1546, 1.4961, 0.0222 ), 
    Vec4( 0.0500, 0.1750, 1.5708, 0.0250 )
  } 
);
mprims.push_back(mp36);

MP mp37 = MP(
  37, 
  3, 
  Vec4( 3, 6, 3, -1), 
  -1, 
  { 
    Vec4( 0.0000, 0.0000, 1.1781, 0.0000 ), 
    Vec4( 0.0083, 0.0167, 1.1781, -0.0028 ), 
    Vec4( 0.0167, 0.0333, 1.1781, -0.0056 ), 
    Vec4( 0.0250, 0.0500, 1.1781, -0.0083 ), 
    Vec4( 0.0333, 0.0667, 1.1781, -0.0111 ), 
    Vec4( 0.0417, 0.0833, 1.1781, -0.0139 ), 
    Vec4( 0.0500, 0.1000, 1.1781, -0.0167 ), 
    Vec4( 0.0583, 0.1167, 1.1781, -0.0194 ), 
    Vec4( 0.0667, 0.1333, 1.1781, -0.0222 ), 
    Vec4( 0.0750, 0.1500, 1.1781, -0.0250 )
  } 
);
mprims.push_back(mp37);

MP mp38 = MP(
  38, 
  3, 
  Vec4( 4, 5, 2, -1), 
  -1, 
  { 
    Vec4( 0.0000, 0.0000, 1.1781, 0.0000 ), 
    Vec4( 0.0092, 0.0149, 1.1478, -0.0028 ), 
    Vec4( 0.0189, 0.0296, 1.1175, -0.0056 ), 
    Vec4( 0.0291, 0.0440, 1.0872, -0.0083 ), 
    Vec4( 0.0398, 0.0582, 1.0569, -0.0111 ), 
    Vec4( 0.0509, 0.0722, 1.0266, -0.0139 ), 
    Vec4( 0.0625, 0.0858, 0.9963, -0.0167 ), 
    Vec4( 0.0746, 0.0992, 0.9660, -0.0194 ), 
    Vec4( 0.0871, 0.1123, 0.9357, -0.0222 ), 
    Vec4( 0.1000, 0.1250, 0.9054, -0.0250 )
  } 
);
mprims.push_back(mp38);

MP mp39 = MP(
  39, 
  3, 
  Vec4( 2, 7, 4, -1), 
  -1, 
  { 
    Vec4( 0.0000, 0.0000, 1.1781, 0.0000 ), 
    Vec4( 0.0078, 0.0188, 1.1781, -0.0028 ), 
    Vec4( 0.0156, 0.0377, 1.1781, -0.0056 ), 
    Vec4( 0.0234, 0.0565, 1.1781, -0.0083 ), 
    Vec4( 0.0312, 0.0754, 1.1972, -0.0111 ), 
    Vec4( 0.0379, 0.0946, 1.2719, -0.0139 ), 
    Vec4( 0.0432, 0.1143, 1.3466, -0.0167 ), 
    Vec4( 0.0470, 0.1344, 1.4214, -0.0194 ), 
    Vec4( 0.0492, 0.1546, 1.4961, -0.0222 ), 
    Vec4( 0.0500, 0.1750, 1.5708, -0.0250 )
  } 
);
mprims.push_back(mp39);

MP mp40 = MP(
  40, 
  4, 
  Vec4( 0, 1, 4, 0), 
  0, 
  { 
    Vec4( 0.0000, 0.0000, 1.5708, 0.0000 ), 
    Vec4( 0.0000, 0.0028, 1.5708, 0.0000 ), 
    Vec4( 0.0000, 0.0056, 1.5708, 0.0000 ), 
    Vec4( 0.0000, 0.0083, 1.5708, 0.0000 ), 
    Vec4( 0.0000, 0.0111, 1.5708, 0.0000 ), 
    Vec4( 0.0000, 0.0139, 1.5708, 0.0000 ), 
    Vec4( 0.0000, 0.0167, 1.5708, 0.0000 ), 
    Vec4( 0.0000, 0.0194, 1.5708, 0.0000 ), 
    Vec4( 0.0000, 0.0222, 1.5708, 0.0000 ), 
    Vec4( 0.0000, 0.0250, 1.5708, 0.0000 )
  } 
);
mprims.push_back(mp40);

MP mp41 = MP(
  41, 
  4, 
  Vec4( 0, 8, 4, 0), 
  0, 
  { 
    Vec4( 0.0000, 0.0000, 1.5708, 0.0000 ), 
    Vec4( 0.0000, 0.0222, 1.5708, 0.0000 ), 
    Vec4( 0.0000, 0.0444, 1.5708, 0.0000 ), 
    Vec4( 0.0000, 0.0667, 1.5708, 0.0000 ), 
    Vec4( 0.0000, 0.0889, 1.5708, 0.0000 ), 
    Vec4( 0.0000, 0.1111, 1.5708, 0.0000 ), 
    Vec4( 0.0000, 0.1333, 1.5708, 0.0000 ), 
    Vec4( 0.0000, 0.1556, 1.5708, 0.0000 ), 
    Vec4( 0.0000, 0.1778, 1.5708, 0.0000 ), 
    Vec4( 0.0000, 0.2000, 1.5708, 0.0000 )
  } 
);
mprims.push_back(mp41);

MP mp42 = MP(
  42, 
  4, 
  Vec4( -1, 8, 5, 0), 
  0, 
  { 
    Vec4( 0.0000, 0.0000, 1.5708, 0.0000 ), 
    Vec4( 0.0000, 0.0226, 1.5708, 0.0000 ), 
    Vec4( 0.0000, 0.0452, 1.5708, 0.0000 ), 
    Vec4( 0.0000, 0.0678, 1.5708, 0.0000 ), 
    Vec4( -0.0004, 0.0903, 1.6196, 0.0000 ), 
    Vec4( -0.0023, 0.1128, 1.6884, 0.0000 ), 
    Vec4( -0.0057, 0.1352, 1.7572, 0.0000 ), 
    Vec4( -0.0106, 0.1572, 1.8259, 0.0000 ), 
    Vec4( -0.0171, 0.1789, 1.8947, 0.0000 ), 
    Vec4( -0.0250, 0.2000, 1.9635, 0.0000 )
  } 
);
mprims.push_back(mp42);

MP mp43 = MP(
  43, 
  4, 
  Vec4( 1, 8, 3, 0), 
  0, 
  { 
    Vec4( 0.0000, 0.0000, 1.5708, 0.0000 ), 
    Vec4( -0.0000, 0.0226, 1.5708, 0.0000 ), 
    Vec4( -0.0000, 0.0452, 1.5708, 0.0000 ), 
    Vec4( -0.0000, 0.0678, 1.5708, 0.0000 ), 
    Vec4( 0.0004, 0.0903, 1.5220, 0.0000 ), 
    Vec4( 0.0023, 0.1128, 1.4532, 0.0000 ), 
    Vec4( 0.0057, 0.1352, 1.3844, 0.0000 ), 
    Vec4( 0.0106, 0.1572, 1.3156, 0.0000 ), 
    Vec4( 0.0171, 0.1789, 1.2469, 0.0000 ), 
    Vec4( 0.0250, 0.2000, 1.1781, 0.0000 )
  } 
);
mprims.push_back(mp43);

MP mp44 = MP(
  44, 
  4, 
  Vec4( 0, 8, 4, 1), 
  1, 
  { 
    Vec4( 0.0000, 0.0000, 1.5708, 0.0000 ), 
    Vec4( 0.0000, 0.0222, 1.5708, 0.0028 ), 
    Vec4( 0.0000, 0.0444, 1.5708, 0.0056 ), 
    Vec4( 0.0000, 0.0667, 1.5708, 0.0083 ), 
    Vec4( 0.0000, 0.0889, 1.5708, 0.0111 ), 
    Vec4( 0.0000, 0.1111, 1.5708, 0.0139 ), 
    Vec4( 0.0000, 0.1333, 1.5708, 0.0167 ), 
    Vec4( 0.0000, 0.1556, 1.5708, 0.0194 ), 
    Vec4( 0.0000, 0.1778, 1.5708, 0.0222 ), 
    Vec4( 0.0000, 0.2000, 1.5708, 0.0250 )
  } 
);
mprims.push_back(mp44);

MP mp45 = MP(
  45, 
  4, 
  Vec4( -1, 8, 5, 1), 
  1, 
  { 
    Vec4( 0.0000, 0.0000, 1.5708, 0.0000 ), 
    Vec4( 0.0000, 0.0226, 1.5708, 0.0028 ), 
    Vec4( 0.0000, 0.0452, 1.5708, 0.0056 ), 
    Vec4( 0.0000, 0.0678, 1.5708, 0.0083 ), 
    Vec4( -0.0004, 0.0903, 1.6196, 0.0111 ), 
    Vec4( -0.0023, 0.1128, 1.6884, 0.0139 ), 
    Vec4( -0.0057, 0.1352, 1.7572, 0.0167 ), 
    Vec4( -0.0106, 0.1572, 1.8259, 0.0194 ), 
    Vec4( -0.0171, 0.1789, 1.8947, 0.0222 ), 
    Vec4( -0.0250, 0.2000, 1.9635, 0.0250 )
  } 
);
mprims.push_back(mp45);

MP mp46 = MP(
  46, 
  4, 
  Vec4( 1, 8, 3, 1), 
  1, 
  { 
    Vec4( 0.0000, 0.0000, 1.5708, 0.0000 ), 
    Vec4( -0.0000, 0.0226, 1.5708, 0.0028 ), 
    Vec4( -0.0000, 0.0452, 1.5708, 0.0056 ), 
    Vec4( -0.0000, 0.0678, 1.5708, 0.0083 ), 
    Vec4( 0.0004, 0.0903, 1.5220, 0.0111 ), 
    Vec4( 0.0023, 0.1128, 1.4532, 0.0139 ), 
    Vec4( 0.0057, 0.1352, 1.3844, 0.0167 ), 
    Vec4( 0.0106, 0.1572, 1.3156, 0.0194 ), 
    Vec4( 0.0171, 0.1789, 1.2469, 0.0222 ), 
    Vec4( 0.0250, 0.2000, 1.1781, 0.0250 )
  } 
);
mprims.push_back(mp46);

MP mp47 = MP(
  47, 
  4, 
  Vec4( 0, 8, 4, -1), 
  -1, 
  { 
    Vec4( 0.0000, 0.0000, 1.5708, 0.0000 ), 
    Vec4( 0.0000, 0.0222, 1.5708, -0.0028 ), 
    Vec4( 0.0000, 0.0444, 1.5708, -0.0056 ), 
    Vec4( 0.0000, 0.0667, 1.5708, -0.0083 ), 
    Vec4( 0.0000, 0.0889, 1.5708, -0.0111 ), 
    Vec4( 0.0000, 0.1111, 1.5708, -0.0139 ), 
    Vec4( 0.0000, 0.1333, 1.5708, -0.0167 ), 
    Vec4( 0.0000, 0.1556, 1.5708, -0.0194 ), 
    Vec4( 0.0000, 0.1778, 1.5708, -0.0222 ), 
    Vec4( 0.0000, 0.2000, 1.5708, -0.0250 )
  } 
);
mprims.push_back(mp47);

MP mp48 = MP(
  48, 
  4, 
  Vec4( -1, 8, 5, -1), 
  -1, 
  { 
    Vec4( 0.0000, 0.0000, 1.5708, 0.0000 ), 
    Vec4( 0.0000, 0.0226, 1.5708, -0.0028 ), 
    Vec4( 0.0000, 0.0452, 1.5708, -0.0056 ), 
    Vec4( 0.0000, 0.0678, 1.5708, -0.0083 ), 
    Vec4( -0.0004, 0.0903, 1.6196, -0.0111 ), 
    Vec4( -0.0023, 0.1128, 1.6884, -0.0139 ), 
    Vec4( -0.0057, 0.1352, 1.7572, -0.0167 ), 
    Vec4( -0.0106, 0.1572, 1.8259, -0.0194 ), 
    Vec4( -0.0171, 0.1789, 1.8947, -0.0222 ), 
    Vec4( -0.0250, 0.2000, 1.9635, -0.0250 )
  } 
);
mprims.push_back(mp48);

MP mp49 = MP(
  49, 
  4, 
  Vec4( 1, 8, 3, -1), 
  -1, 
  { 
    Vec4( 0.0000, 0.0000, 1.5708, 0.0000 ), 
    Vec4( -0.0000, 0.0226, 1.5708, -0.0028 ), 
    Vec4( -0.0000, 0.0452, 1.5708, -0.0056 ), 
    Vec4( -0.0000, 0.0678, 1.5708, -0.0083 ), 
    Vec4( 0.0004, 0.0903, 1.5220, -0.0111 ), 
    Vec4( 0.0023, 0.1128, 1.4532, -0.0139 ), 
    Vec4( 0.0057, 0.1352, 1.3844, -0.0167 ), 
    Vec4( 0.0106, 0.1572, 1.3156, -0.0194 ), 
    Vec4( 0.0171, 0.1789, 1.2469, -0.0222 ), 
    Vec4( 0.0250, 0.2000, 1.1781, -0.0250 )
  } 
);
mprims.push_back(mp49);

MP mp50 = MP(
  50, 
  5, 
  Vec4( -1, 2, 5, 0), 
  0, 
  { 
    Vec4( 0.0000, 0.0000, 1.9635, 0.0000 ), 
    Vec4( -0.0028, 0.0056, 1.9635, 0.0000 ), 
    Vec4( -0.0056, 0.0111, 1.9635, 0.0000 ), 
    Vec4( -0.0083, 0.0167, 1.9635, 0.0000 ), 
    Vec4( -0.0111, 0.0222, 1.9635, 0.0000 ), 
    Vec4( -0.0139, 0.0278, 1.9635, 0.0000 ), 
    Vec4( -0.0167, 0.0333, 1.9635, 0.0000 ), 
    Vec4( -0.0194, 0.0389, 1.9635, 0.0000 ), 
    Vec4( -0.0222, 0.0444, 1.9635, 0.0000 ), 
    Vec4( -0.0250, 0.0500, 1.9635, 0.0000 )
  } 
);
mprims.push_back(mp50);

MP mp51 = MP(
  51, 
  5, 
  Vec4( -3, 6, 5, 0), 
  0, 
  { 
    Vec4( 0.0000, 0.0000, 1.9635, 0.0000 ), 
    Vec4( -0.0083, 0.0167, 1.9635, 0.0000 ), 
    Vec4( -0.0167, 0.0333, 1.9635, 0.0000 ), 
    Vec4( -0.0250, 0.0500, 1.9635, 0.0000 ), 
    Vec4( -0.0333, 0.0667, 1.9635, 0.0000 ), 
    Vec4( -0.0417, 0.0833, 1.9635, 0.0000 ), 
    Vec4( -0.0500, 0.1000, 1.9635, 0.0000 ), 
    Vec4( -0.0583, 0.1167, 1.9635, 0.0000 ), 
    Vec4( -0.0667, 0.1333, 1.9635, 0.0000 ), 
    Vec4( -0.0750, 0.1500, 1.9635, 0.0000 )
  } 
);
mprims.push_back(mp51);

MP mp52 = MP(
  52, 
  5, 
  Vec4( -4, 5, 6, 0), 
  0, 
  { 
    Vec4( 0.0000, 0.0000, 1.9635, 0.0000 ), 
    Vec4( -0.0092, 0.0149, 1.9938, 0.0000 ), 
    Vec4( -0.0189, 0.0296, 2.0241, 0.0000 ), 
    Vec4( -0.0291, 0.0440, 2.0544, 0.0000 ), 
    Vec4( -0.0398, 0.0582, 2.0847, 0.0000 ), 
    Vec4( -0.0509, 0.0722, 2.1150, 0.0000 ), 
    Vec4( -0.0625, 0.0858, 2.1453, 0.0000 ), 
    Vec4( -0.0746, 0.0992, 2.1756, 0.0000 ), 
    Vec4( -0.0871, 0.1123, 2.2059, 0.0000 ), 
    Vec4( -0.1000, 0.1250, 2.2362, 0.0000 )
  } 
);
mprims.push_back(mp52);

MP mp53 = MP(
  53, 
  5, 
  Vec4( -2, 7, 4, 0), 
  0, 
  { 
    Vec4( 0.0000, 0.0000, 1.9635, 0.0000 ), 
    Vec4( -0.0078, 0.0188, 1.9635, 0.0000 ), 
    Vec4( -0.0156, 0.0377, 1.9635, 0.0000 ), 
    Vec4( -0.0234, 0.0565, 1.9635, 0.0000 ), 
    Vec4( -0.0312, 0.0754, 1.9444, 0.0000 ), 
    Vec4( -0.0379, 0.0946, 1.8697, 0.0000 ), 
    Vec4( -0.0432, 0.1143, 1.7950, 0.0000 ), 
    Vec4( -0.0470, 0.1344, 1.7202, 0.0000 ), 
    Vec4( -0.0492, 0.1546, 1.6455, 0.0000 ), 
    Vec4( -0.0500, 0.1750, 1.5708, 0.0000 )
  } 
);
mprims.push_back(mp53);

MP mp54 = MP(
  54, 
  5, 
  Vec4( -3, 6, 5, 1), 
  1, 
  { 
    Vec4( 0.0000, 0.0000, 1.9635, 0.0000 ), 
    Vec4( -0.0083, 0.0167, 1.9635, 0.0028 ), 
    Vec4( -0.0167, 0.0333, 1.9635, 0.0056 ), 
    Vec4( -0.0250, 0.0500, 1.9635, 0.0083 ), 
    Vec4( -0.0333, 0.0667, 1.9635, 0.0111 ), 
    Vec4( -0.0417, 0.0833, 1.9635, 0.0139 ), 
    Vec4( -0.0500, 0.1000, 1.9635, 0.0167 ), 
    Vec4( -0.0583, 0.1167, 1.9635, 0.0194 ), 
    Vec4( -0.0667, 0.1333, 1.9635, 0.0222 ), 
    Vec4( -0.0750, 0.1500, 1.9635, 0.0250 )
  } 
);
mprims.push_back(mp54);

MP mp55 = MP(
  55, 
  5, 
  Vec4( -4, 5, 6, 1), 
  1, 
  { 
    Vec4( 0.0000, 0.0000, 1.9635, 0.0000 ), 
    Vec4( -0.0092, 0.0149, 1.9938, 0.0028 ), 
    Vec4( -0.0189, 0.0296, 2.0241, 0.0056 ), 
    Vec4( -0.0291, 0.0440, 2.0544, 0.0083 ), 
    Vec4( -0.0398, 0.0582, 2.0847, 0.0111 ), 
    Vec4( -0.0509, 0.0722, 2.1150, 0.0139 ), 
    Vec4( -0.0625, 0.0858, 2.1453, 0.0167 ), 
    Vec4( -0.0746, 0.0992, 2.1756, 0.0194 ), 
    Vec4( -0.0871, 0.1123, 2.2059, 0.0222 ), 
    Vec4( -0.1000, 0.1250, 2.2362, 0.0250 )
  } 
);
mprims.push_back(mp55);

MP mp56 = MP(
  56, 
  5, 
  Vec4( -2, 7, 4, 1), 
  1, 
  { 
    Vec4( 0.0000, 0.0000, 1.9635, 0.0000 ), 
    Vec4( -0.0078, 0.0188, 1.9635, 0.0028 ), 
    Vec4( -0.0156, 0.0377, 1.9635, 0.0056 ), 
    Vec4( -0.0234, 0.0565, 1.9635, 0.0083 ), 
    Vec4( -0.0312, 0.0754, 1.9444, 0.0111 ), 
    Vec4( -0.0379, 0.0946, 1.8697, 0.0139 ), 
    Vec4( -0.0432, 0.1143, 1.7950, 0.0167 ), 
    Vec4( -0.0470, 0.1344, 1.7202, 0.0194 ), 
    Vec4( -0.0492, 0.1546, 1.6455, 0.0222 ), 
    Vec4( -0.0500, 0.1750, 1.5708, 0.0250 )
  } 
);
mprims.push_back(mp56);

MP mp57 = MP(
  57, 
  5, 
  Vec4( -3, 6, 5, -1), 
  -1, 
  { 
    Vec4( 0.0000, 0.0000, 1.9635, 0.0000 ), 
    Vec4( -0.0083, 0.0167, 1.9635, -0.0028 ), 
    Vec4( -0.0167, 0.0333, 1.9635, -0.0056 ), 
    Vec4( -0.0250, 0.0500, 1.9635, -0.0083 ), 
    Vec4( -0.0333, 0.0667, 1.9635, -0.0111 ), 
    Vec4( -0.0417, 0.0833, 1.9635, -0.0139 ), 
    Vec4( -0.0500, 0.1000, 1.9635, -0.0167 ), 
    Vec4( -0.0583, 0.1167, 1.9635, -0.0194 ), 
    Vec4( -0.0667, 0.1333, 1.9635, -0.0222 ), 
    Vec4( -0.0750, 0.1500, 1.9635, -0.0250 )
  } 
);
mprims.push_back(mp57);

MP mp58 = MP(
  58, 
  5, 
  Vec4( -4, 5, 6, -1), 
  -1, 
  { 
    Vec4( 0.0000, 0.0000, 1.9635, 0.0000 ), 
    Vec4( -0.0092, 0.0149, 1.9938, -0.0028 ), 
    Vec4( -0.0189, 0.0296, 2.0241, -0.0056 ), 
    Vec4( -0.0291, 0.0440, 2.0544, -0.0083 ), 
    Vec4( -0.0398, 0.0582, 2.0847, -0.0111 ), 
    Vec4( -0.0509, 0.0722, 2.1150, -0.0139 ), 
    Vec4( -0.0625, 0.0858, 2.1453, -0.0167 ), 
    Vec4( -0.0746, 0.0992, 2.1756, -0.0194 ), 
    Vec4( -0.0871, 0.1123, 2.2059, -0.0222 ), 
    Vec4( -0.1000, 0.1250, 2.2362, -0.0250 )
  } 
);
mprims.push_back(mp58);

MP mp59 = MP(
  59, 
  5, 
  Vec4( -2, 7, 4, -1), 
  -1, 
  { 
    Vec4( 0.0000, 0.0000, 1.9635, 0.0000 ), 
    Vec4( -0.0078, 0.0188, 1.9635, -0.0028 ), 
    Vec4( -0.0156, 0.0377, 1.9635, -0.0056 ), 
    Vec4( -0.0234, 0.0565, 1.9635, -0.0083 ), 
    Vec4( -0.0312, 0.0754, 1.9444, -0.0111 ), 
    Vec4( -0.0379, 0.0946, 1.8697, -0.0139 ), 
    Vec4( -0.0432, 0.1143, 1.7950, -0.0167 ), 
    Vec4( -0.0470, 0.1344, 1.7202, -0.0194 ), 
    Vec4( -0.0492, 0.1546, 1.6455, -0.0222 ), 
    Vec4( -0.0500, 0.1750, 1.5708, -0.0250 )
  } 
);
mprims.push_back(mp59);

MP mp60 = MP(
  60, 
  6, 
  Vec4( -1, 1, 6, 0), 
  0, 
  { 
    Vec4( 0.0000, 0.0000, 2.3562, 0.0000 ), 
    Vec4( -0.0028, 0.0028, 2.3562, 0.0000 ), 
    Vec4( -0.0056, 0.0056, 2.3562, 0.0000 ), 
    Vec4( -0.0083, 0.0083, 2.3562, 0.0000 ), 
    Vec4( -0.0111, 0.0111, 2.3562, 0.0000 ), 
    Vec4( -0.0139, 0.0139, 2.3562, 0.0000 ), 
    Vec4( -0.0167, 0.0167, 2.3562, 0.0000 ), 
    Vec4( -0.0194, 0.0194, 2.3562, 0.0000 ), 
    Vec4( -0.0222, 0.0222, 2.3562, 0.0000 ), 
    Vec4( -0.0250, 0.0250, 2.3562, 0.0000 )
  } 
);
mprims.push_back(mp60);

MP mp61 = MP(
  61, 
  6, 
  Vec4( -6, 6, 6, 0), 
  0, 
  { 
    Vec4( 0.0000, 0.0000, 2.3562, 0.0000 ), 
    Vec4( -0.0167, 0.0167, 2.3562, 0.0000 ), 
    Vec4( -0.0333, 0.0333, 2.3562, 0.0000 ), 
    Vec4( -0.0500, 0.0500, 2.3562, 0.0000 ), 
    Vec4( -0.0667, 0.0667, 2.3562, 0.0000 ), 
    Vec4( -0.0833, 0.0833, 2.3562, 0.0000 ), 
    Vec4( -0.1000, 0.1000, 2.3562, 0.0000 ), 
    Vec4( -0.1167, 0.1167, 2.3562, 0.0000 ), 
    Vec4( -0.1333, 0.1333, 2.3562, 0.0000 ), 
    Vec4( -0.1500, 0.1500, 2.3562, 0.0000 )
  } 
);
mprims.push_back(mp61);

MP mp62 = MP(
  62, 
  6, 
  Vec4( -7, 5, 7, 0), 
  0, 
  { 
    Vec4( 0.0000, 0.0000, 2.3562, 0.0000 ), 
    Vec4( -0.0170, 0.0170, 2.3562, 0.0000 ), 
    Vec4( -0.0342, 0.0339, 2.3859, 0.0000 ), 
    Vec4( -0.0522, 0.0500, 2.4377, 0.0000 ), 
    Vec4( -0.0709, 0.0651, 2.4896, 0.0000 ), 
    Vec4( -0.0904, 0.0792, 2.5415, 0.0000 ), 
    Vec4( -0.1107, 0.0923, 2.5933, 0.0000 ), 
    Vec4( -0.1315, 0.1043, 2.6452, 0.0000 ), 
    Vec4( -0.1530, 0.1152, 2.6970, 0.0000 ), 
    Vec4( -0.1750, 0.1250, 2.7489, 0.0000 )
  } 
);
mprims.push_back(mp62);

MP mp63 = MP(
  63, 
  6, 
  Vec4( -5, 7, 5, 0), 
  0, 
  { 
    Vec4( 0.0000, 0.0000, 2.3562, 0.0000 ), 
    Vec4( -0.0170, 0.0170, 2.3562, 0.0000 ), 
    Vec4( -0.0339, 0.0342, 2.3265, 0.0000 ), 
    Vec4( -0.0500, 0.0522, 2.2747, 0.0000 ), 
    Vec4( -0.0651, 0.0709, 2.2228, 0.0000 ), 
    Vec4( -0.0792, 0.0904, 2.1709, 0.0000 ), 
    Vec4( -0.0923, 0.1107, 2.1191, 0.0000 ), 
    Vec4( -0.1043, 0.1315, 2.0672, 0.0000 ), 
    Vec4( -0.1152, 0.1530, 2.0154, 0.0000 ), 
    Vec4( -0.1250, 0.1750, 1.9635, 0.0000 )
  } 
);
mprims.push_back(mp63);

MP mp64 = MP(
  64, 
  6, 
  Vec4( -6, 6, 6, 1), 
  1, 
  { 
    Vec4( 0.0000, 0.0000, 2.3562, 0.0000 ), 
    Vec4( -0.0167, 0.0167, 2.3562, 0.0028 ), 
    Vec4( -0.0333, 0.0333, 2.3562, 0.0056 ), 
    Vec4( -0.0500, 0.0500, 2.3562, 0.0083 ), 
    Vec4( -0.0667, 0.0667, 2.3562, 0.0111 ), 
    Vec4( -0.0833, 0.0833, 2.3562, 0.0139 ), 
    Vec4( -0.1000, 0.1000, 2.3562, 0.0167 ), 
    Vec4( -0.1167, 0.1167, 2.3562, 0.0194 ), 
    Vec4( -0.1333, 0.1333, 2.3562, 0.0222 ), 
    Vec4( -0.1500, 0.1500, 2.3562, 0.0250 )
  } 
);
mprims.push_back(mp64);

MP mp65 = MP(
  65, 
  6, 
  Vec4( -7, 5, 7, 1), 
  1, 
  { 
    Vec4( 0.0000, 0.0000, 2.3562, 0.0000 ), 
    Vec4( -0.0170, 0.0170, 2.3562, 0.0028 ), 
    Vec4( -0.0342, 0.0339, 2.3859, 0.0056 ), 
    Vec4( -0.0522, 0.0500, 2.4377, 0.0083 ), 
    Vec4( -0.0709, 0.0651, 2.4896, 0.0111 ), 
    Vec4( -0.0904, 0.0792, 2.5415, 0.0139 ), 
    Vec4( -0.1107, 0.0923, 2.5933, 0.0167 ), 
    Vec4( -0.1315, 0.1043, 2.6452, 0.0194 ), 
    Vec4( -0.1530, 0.1152, 2.6970, 0.0222 ), 
    Vec4( -0.1750, 0.1250, 2.7489, 0.0250 )
  } 
);
mprims.push_back(mp65);

MP mp66 = MP(
  66, 
  6, 
  Vec4( -5, 7, 5, 1), 
  1, 
  { 
    Vec4( 0.0000, 0.0000, 2.3562, 0.0000 ), 
    Vec4( -0.0170, 0.0170, 2.3562, 0.0028 ), 
    Vec4( -0.0339, 0.0342, 2.3265, 0.0056 ), 
    Vec4( -0.0500, 0.0522, 2.2747, 0.0083 ), 
    Vec4( -0.0651, 0.0709, 2.2228, 0.0111 ), 
    Vec4( -0.0792, 0.0904, 2.1709, 0.0139 ), 
    Vec4( -0.0923, 0.1107, 2.1191, 0.0167 ), 
    Vec4( -0.1043, 0.1315, 2.0672, 0.0194 ), 
    Vec4( -0.1152, 0.1530, 2.0154, 0.0222 ), 
    Vec4( -0.1250, 0.1750, 1.9635, 0.0250 )
  } 
);
mprims.push_back(mp66);

MP mp67 = MP(
  67, 
  6, 
  Vec4( -6, 6, 6, -1), 
  -1, 
  { 
    Vec4( 0.0000, 0.0000, 2.3562, 0.0000 ), 
    Vec4( -0.0167, 0.0167, 2.3562, -0.0028 ), 
    Vec4( -0.0333, 0.0333, 2.3562, -0.0056 ), 
    Vec4( -0.0500, 0.0500, 2.3562, -0.0083 ), 
    Vec4( -0.0667, 0.0667, 2.3562, -0.0111 ), 
    Vec4( -0.0833, 0.0833, 2.3562, -0.0139 ), 
    Vec4( -0.1000, 0.1000, 2.3562, -0.0167 ), 
    Vec4( -0.1167, 0.1167, 2.3562, -0.0194 ), 
    Vec4( -0.1333, 0.1333, 2.3562, -0.0222 ), 
    Vec4( -0.1500, 0.1500, 2.3562, -0.0250 )
  } 
);
mprims.push_back(mp67);

MP mp68 = MP(
  68, 
  6, 
  Vec4( -7, 5, 7, -1), 
  -1, 
  { 
    Vec4( 0.0000, 0.0000, 2.3562, 0.0000 ), 
    Vec4( -0.0170, 0.0170, 2.3562, -0.0028 ), 
    Vec4( -0.0342, 0.0339, 2.3859, -0.0056 ), 
    Vec4( -0.0522, 0.0500, 2.4377, -0.0083 ), 
    Vec4( -0.0709, 0.0651, 2.4896, -0.0111 ), 
    Vec4( -0.0904, 0.0792, 2.5415, -0.0139 ), 
    Vec4( -0.1107, 0.0923, 2.5933, -0.0167 ), 
    Vec4( -0.1315, 0.1043, 2.6452, -0.0194 ), 
    Vec4( -0.1530, 0.1152, 2.6970, -0.0222 ), 
    Vec4( -0.1750, 0.1250, 2.7489, -0.0250 )
  } 
);
mprims.push_back(mp68);

MP mp69 = MP(
  69, 
  6, 
  Vec4( -5, 7, 5, -1), 
  -1, 
  { 
    Vec4( 0.0000, 0.0000, 2.3562, 0.0000 ), 
    Vec4( -0.0170, 0.0170, 2.3562, -0.0028 ), 
    Vec4( -0.0339, 0.0342, 2.3265, -0.0056 ), 
    Vec4( -0.0500, 0.0522, 2.2747, -0.0083 ), 
    Vec4( -0.0651, 0.0709, 2.2228, -0.0111 ), 
    Vec4( -0.0792, 0.0904, 2.1709, -0.0139 ), 
    Vec4( -0.0923, 0.1107, 2.1191, -0.0167 ), 
    Vec4( -0.1043, 0.1315, 2.0672, -0.0194 ), 
    Vec4( -0.1152, 0.1530, 2.0154, -0.0222 ), 
    Vec4( -0.1250, 0.1750, 1.9635, -0.0250 )
  } 
);
mprims.push_back(mp69);

MP mp70 = MP(
  70, 
  7, 
  Vec4( -2, 1, 7, 0), 
  0, 
  { 
    Vec4( 0.0000, 0.0000, 2.7489, 0.0000 ), 
    Vec4( -0.0056, 0.0028, 2.7489, 0.0000 ), 
    Vec4( -0.0111, 0.0056, 2.7489, 0.0000 ), 
    Vec4( -0.0167, 0.0083, 2.7489, 0.0000 ), 
    Vec4( -0.0222, 0.0111, 2.7489, 0.0000 ), 
    Vec4( -0.0278, 0.0139, 2.7489, 0.0000 ), 
    Vec4( -0.0333, 0.0167, 2.7489, 0.0000 ), 
    Vec4( -0.0389, 0.0194, 2.7489, 0.0000 ), 
    Vec4( -0.0444, 0.0222, 2.7489, 0.0000 ), 
    Vec4( -0.0500, 0.0250, 2.7489, 0.0000 )
  } 
);
mprims.push_back(mp70);

MP mp71 = MP(
  71, 
  7, 
  Vec4( -6, 3, 7, 0), 
  0, 
  { 
    Vec4( 0.0000, 0.0000, 2.7489, 0.0000 ), 
    Vec4( -0.0167, 0.0083, 2.7489, 0.0000 ), 
    Vec4( -0.0333, 0.0167, 2.7489, 0.0000 ), 
    Vec4( -0.0500, 0.0250, 2.7489, 0.0000 ), 
    Vec4( -0.0667, 0.0333, 2.7489, 0.0000 ), 
    Vec4( -0.0833, 0.0417, 2.7489, 0.0000 ), 
    Vec4( -0.1000, 0.0500, 2.7489, 0.0000 ), 
    Vec4( -0.1167, 0.0583, 2.7489, 0.0000 ), 
    Vec4( -0.1333, 0.0667, 2.7489, 0.0000 ), 
    Vec4( -0.1500, 0.0750, 2.7489, 0.0000 )
  } 
);
mprims.push_back(mp71);

MP mp72 = MP(
  72, 
  7, 
  Vec4( -5, 4, 6, 0), 
  0, 
  { 
    Vec4( 0.0000, 0.0000, 2.7489, 0.0000 ), 
    Vec4( -0.0149, 0.0092, 2.7186, 0.0000 ), 
    Vec4( -0.0296, 0.0189, 2.6883, 0.0000 ), 
    Vec4( -0.0440, 0.0291, 2.6580, 0.0000 ), 
    Vec4( -0.0582, 0.0398, 2.6277, 0.0000 ), 
    Vec4( -0.0722, 0.0509, 2.5974, 0.0000 ), 
    Vec4( -0.0858, 0.0625, 2.5671, 0.0000 ), 
    Vec4( -0.0992, 0.0746, 2.5368, 0.0000 ), 
    Vec4( -0.1123, 0.0871, 2.5065, 0.0000 ), 
    Vec4( -0.1250, 0.1000, 2.4762, 0.0000 )
  } 
);
mprims.push_back(mp72);

MP mp73 = MP(
  73, 
  7, 
  Vec4( -7, 2, 8, 0), 
  0, 
  { 
    Vec4( 0.0000, 0.0000, 2.7489, 0.0000 ), 
    Vec4( -0.0188, 0.0078, 2.7489, 0.0000 ), 
    Vec4( -0.0377, 0.0156, 2.7489, 0.0000 ), 
    Vec4( -0.0565, 0.0234, 2.7489, 0.0000 ), 
    Vec4( -0.0754, 0.0312, 2.7680, 0.0000 ), 
    Vec4( -0.0946, 0.0379, 2.8427, 0.0000 ), 
    Vec4( -0.1143, 0.0432, 2.9174, 0.0000 ), 
    Vec4( -0.1344, 0.0470, 2.9921, 0.0000 ), 
    Vec4( -0.1546, 0.0492, 3.0669, 0.0000 ), 
    Vec4( -0.1750, 0.0500, 3.1416, 0.0000 )
  } 
);
mprims.push_back(mp73);

MP mp74 = MP(
  74, 
  7, 
  Vec4( -6, 3, 7, 1), 
  1, 
  { 
    Vec4( 0.0000, 0.0000, 2.7489, 0.0000 ), 
    Vec4( -0.0167, 0.0083, 2.7489, 0.0028 ), 
    Vec4( -0.0333, 0.0167, 2.7489, 0.0056 ), 
    Vec4( -0.0500, 0.0250, 2.7489, 0.0083 ), 
    Vec4( -0.0667, 0.0333, 2.7489, 0.0111 ), 
    Vec4( -0.0833, 0.0417, 2.7489, 0.0139 ), 
    Vec4( -0.1000, 0.0500, 2.7489, 0.0167 ), 
    Vec4( -0.1167, 0.0583, 2.7489, 0.0194 ), 
    Vec4( -0.1333, 0.0667, 2.7489, 0.0222 ), 
    Vec4( -0.1500, 0.0750, 2.7489, 0.0250 )
  } 
);
mprims.push_back(mp74);

MP mp75 = MP(
  75, 
  7, 
  Vec4( -5, 4, 6, 1), 
  1, 
  { 
    Vec4( 0.0000, 0.0000, 2.7489, 0.0000 ), 
    Vec4( -0.0149, 0.0092, 2.7186, 0.0028 ), 
    Vec4( -0.0296, 0.0189, 2.6883, 0.0056 ), 
    Vec4( -0.0440, 0.0291, 2.6580, 0.0083 ), 
    Vec4( -0.0582, 0.0398, 2.6277, 0.0111 ), 
    Vec4( -0.0722, 0.0509, 2.5974, 0.0139 ), 
    Vec4( -0.0858, 0.0625, 2.5671, 0.0167 ), 
    Vec4( -0.0992, 0.0746, 2.5368, 0.0194 ), 
    Vec4( -0.1123, 0.0871, 2.5065, 0.0222 ), 
    Vec4( -0.1250, 0.1000, 2.4762, 0.0250 )
  } 
);
mprims.push_back(mp75);

MP mp76 = MP(
  76, 
  7, 
  Vec4( -7, 2, 8, 1), 
  1, 
  { 
    Vec4( 0.0000, 0.0000, 2.7489, 0.0000 ), 
    Vec4( -0.0188, 0.0078, 2.7489, 0.0028 ), 
    Vec4( -0.0377, 0.0156, 2.7489, 0.0056 ), 
    Vec4( -0.0565, 0.0234, 2.7489, 0.0083 ), 
    Vec4( -0.0754, 0.0312, 2.7680, 0.0111 ), 
    Vec4( -0.0946, 0.0379, 2.8427, 0.0139 ), 
    Vec4( -0.1143, 0.0432, 2.9174, 0.0167 ), 
    Vec4( -0.1344, 0.0470, 2.9921, 0.0194 ), 
    Vec4( -0.1546, 0.0492, 3.0669, 0.0222 ), 
    Vec4( -0.1750, 0.0500, 3.1416, 0.0250 )
  } 
);
mprims.push_back(mp76);

MP mp77 = MP(
  77, 
  7, 
  Vec4( -6, 3, 7, -1), 
  -1, 
  { 
    Vec4( 0.0000, 0.0000, 2.7489, 0.0000 ), 
    Vec4( -0.0167, 0.0083, 2.7489, -0.0028 ), 
    Vec4( -0.0333, 0.0167, 2.7489, -0.0056 ), 
    Vec4( -0.0500, 0.0250, 2.7489, -0.0083 ), 
    Vec4( -0.0667, 0.0333, 2.7489, -0.0111 ), 
    Vec4( -0.0833, 0.0417, 2.7489, -0.0139 ), 
    Vec4( -0.1000, 0.0500, 2.7489, -0.0167 ), 
    Vec4( -0.1167, 0.0583, 2.7489, -0.0194 ), 
    Vec4( -0.1333, 0.0667, 2.7489, -0.0222 ), 
    Vec4( -0.1500, 0.0750, 2.7489, -0.0250 )
  } 
);
mprims.push_back(mp77);

MP mp78 = MP(
  78, 
  7, 
  Vec4( -5, 4, 6, -1), 
  -1, 
  { 
    Vec4( 0.0000, 0.0000, 2.7489, 0.0000 ), 
    Vec4( -0.0149, 0.0092, 2.7186, -0.0028 ), 
    Vec4( -0.0296, 0.0189, 2.6883, -0.0056 ), 
    Vec4( -0.0440, 0.0291, 2.6580, -0.0083 ), 
    Vec4( -0.0582, 0.0398, 2.6277, -0.0111 ), 
    Vec4( -0.0722, 0.0509, 2.5974, -0.0139 ), 
    Vec4( -0.0858, 0.0625, 2.5671, -0.0167 ), 
    Vec4( -0.0992, 0.0746, 2.5368, -0.0194 ), 
    Vec4( -0.1123, 0.0871, 2.5065, -0.0222 ), 
    Vec4( -0.1250, 0.1000, 2.4762, -0.0250 )
  } 
);
mprims.push_back(mp78);

MP mp79 = MP(
  79, 
  7, 
  Vec4( -7, 2, 8, -1), 
  -1, 
  { 
    Vec4( 0.0000, 0.0000, 2.7489, 0.0000 ), 
    Vec4( -0.0188, 0.0078, 2.7489, -0.0028 ), 
    Vec4( -0.0377, 0.0156, 2.7489, -0.0056 ), 
    Vec4( -0.0565, 0.0234, 2.7489, -0.0083 ), 
    Vec4( -0.0754, 0.0312, 2.7680, -0.0111 ), 
    Vec4( -0.0946, 0.0379, 2.8427, -0.0139 ), 
    Vec4( -0.1143, 0.0432, 2.9174, -0.0167 ), 
    Vec4( -0.1344, 0.0470, 2.9921, -0.0194 ), 
    Vec4( -0.1546, 0.0492, 3.0669, -0.0222 ), 
    Vec4( -0.1750, 0.0500, 3.1416, -0.0250 )
  } 
);
mprims.push_back(mp79);

MP mp80 = MP(
  80, 
  8, 
  Vec4( -1, 0, 8, 0), 
  0, 
  { 
    Vec4( 0.0000, 0.0000, 3.1416, 0.0000 ), 
    Vec4( -0.0028, 0.0000, 3.1416, 0.0000 ), 
    Vec4( -0.0056, 0.0000, 3.1416, 0.0000 ), 
    Vec4( -0.0083, 0.0000, 3.1416, 0.0000 ), 
    Vec4( -0.0111, 0.0000, 3.1416, 0.0000 ), 
    Vec4( -0.0139, 0.0000, 3.1416, 0.0000 ), 
    Vec4( -0.0167, 0.0000, 3.1416, 0.0000 ), 
    Vec4( -0.0194, 0.0000, 3.1416, 0.0000 ), 
    Vec4( -0.0222, 0.0000, 3.1416, 0.0000 ), 
    Vec4( -0.0250, 0.0000, 3.1416, 0.0000 )
  } 
);
mprims.push_back(mp80);

MP mp81 = MP(
  81, 
  8, 
  Vec4( -8, 0, 8, 0), 
  0, 
  { 
    Vec4( 0.0000, 0.0000, 3.1416, 0.0000 ), 
    Vec4( -0.0222, 0.0000, 3.1416, 0.0000 ), 
    Vec4( -0.0444, 0.0000, 3.1416, 0.0000 ), 
    Vec4( -0.0667, 0.0000, 3.1416, 0.0000 ), 
    Vec4( -0.0889, 0.0000, 3.1416, 0.0000 ), 
    Vec4( -0.1111, 0.0000, 3.1416, 0.0000 ), 
    Vec4( -0.1333, 0.0000, 3.1416, 0.0000 ), 
    Vec4( -0.1556, 0.0000, 3.1416, 0.0000 ), 
    Vec4( -0.1778, 0.0000, 3.1416, 0.0000 ), 
    Vec4( -0.2000, 0.0000, 3.1416, 0.0000 )
  } 
);
mprims.push_back(mp81);

MP mp82 = MP(
  82, 
  8, 
  Vec4( -8, -1, 9, 0), 
  0, 
  { 
    Vec4( 0.0000, 0.0000, 3.1416, 0.0000 ), 
    Vec4( -0.0226, 0.0000, 3.1416, 0.0000 ), 
    Vec4( -0.0452, 0.0000, 3.1416, 0.0000 ), 
    Vec4( -0.0678, 0.0000, 3.1416, 0.0000 ), 
    Vec4( -0.0903, -0.0004, 3.1904, 0.0000 ), 
    Vec4( -0.1128, -0.0023, 3.2592, 0.0000 ), 
    Vec4( -0.1352, -0.0057, 3.3280, 0.0000 ), 
    Vec4( -0.1572, -0.0106, 3.3967, 0.0000 ), 
    Vec4( -0.1789, -0.0171, 3.4655, 0.0000 ), 
    Vec4( -0.2000, -0.0250, 3.5343, 0.0000 )
  } 
);
mprims.push_back(mp82);

MP mp83 = MP(
  83, 
  8, 
  Vec4( -8, 1, 7, 0), 
  0, 
  { 
    Vec4( 0.0000, 0.0000, 3.1416, 0.0000 ), 
    Vec4( -0.0226, 0.0000, 3.1416, 0.0000 ), 
    Vec4( -0.0452, 0.0000, 3.1416, 0.0000 ), 
    Vec4( -0.0678, 0.0000, 3.1416, 0.0000 ), 
    Vec4( -0.0903, 0.0004, 3.0928, 0.0000 ), 
    Vec4( -0.1128, 0.0023, 3.0240, 0.0000 ), 
    Vec4( -0.1352, 0.0057, 2.9552, 0.0000 ), 
    Vec4( -0.1572, 0.0106, 2.8864, 0.0000 ), 
    Vec4( -0.1789, 0.0171, 2.8177, 0.0000 ), 
    Vec4( -0.2000, 0.0250, 2.7489, 0.0000 )
  } 
);
mprims.push_back(mp83);

MP mp84 = MP(
  84, 
  8, 
  Vec4( -8, 0, 8, 1), 
  1, 
  { 
    Vec4( 0.0000, 0.0000, 3.1416, 0.0000 ), 
    Vec4( -0.0222, 0.0000, 3.1416, 0.0028 ), 
    Vec4( -0.0444, 0.0000, 3.1416, 0.0056 ), 
    Vec4( -0.0667, 0.0000, 3.1416, 0.0083 ), 
    Vec4( -0.0889, 0.0000, 3.1416, 0.0111 ), 
    Vec4( -0.1111, 0.0000, 3.1416, 0.0139 ), 
    Vec4( -0.1333, 0.0000, 3.1416, 0.0167 ), 
    Vec4( -0.1556, 0.0000, 3.1416, 0.0194 ), 
    Vec4( -0.1778, 0.0000, 3.1416, 0.0222 ), 
    Vec4( -0.2000, 0.0000, 3.1416, 0.0250 )
  } 
);
mprims.push_back(mp84);

MP mp85 = MP(
  85, 
  8, 
  Vec4( -8, -1, 9, 1), 
  1, 
  { 
    Vec4( 0.0000, 0.0000, 3.1416, 0.0000 ), 
    Vec4( -0.0226, 0.0000, 3.1416, 0.0028 ), 
    Vec4( -0.0452, 0.0000, 3.1416, 0.0056 ), 
    Vec4( -0.0678, 0.0000, 3.1416, 0.0083 ), 
    Vec4( -0.0903, -0.0004, 3.1904, 0.0111 ), 
    Vec4( -0.1128, -0.0023, 3.2592, 0.0139 ), 
    Vec4( -0.1352, -0.0057, 3.3280, 0.0167 ), 
    Vec4( -0.1572, -0.0106, 3.3967, 0.0194 ), 
    Vec4( -0.1789, -0.0171, 3.4655, 0.0222 ), 
    Vec4( -0.2000, -0.0250, 3.5343, 0.0250 )
  } 
);
mprims.push_back(mp85);

MP mp86 = MP(
  86, 
  8, 
  Vec4( -8, 1, 7, 1), 
  1, 
  { 
    Vec4( 0.0000, 0.0000, 3.1416, 0.0000 ), 
    Vec4( -0.0226, 0.0000, 3.1416, 0.0028 ), 
    Vec4( -0.0452, 0.0000, 3.1416, 0.0056 ), 
    Vec4( -0.0678, 0.0000, 3.1416, 0.0083 ), 
    Vec4( -0.0903, 0.0004, 3.0928, 0.0111 ), 
    Vec4( -0.1128, 0.0023, 3.0240, 0.0139 ), 
    Vec4( -0.1352, 0.0057, 2.9552, 0.0167 ), 
    Vec4( -0.1572, 0.0106, 2.8864, 0.0194 ), 
    Vec4( -0.1789, 0.0171, 2.8177, 0.0222 ), 
    Vec4( -0.2000, 0.0250, 2.7489, 0.0250 )
  } 
);
mprims.push_back(mp86);

MP mp87 = MP(
  87, 
  8, 
  Vec4( -8, 0, 8, -1), 
  -1, 
  { 
    Vec4( 0.0000, 0.0000, 3.1416, 0.0000 ), 
    Vec4( -0.0222, 0.0000, 3.1416, -0.0028 ), 
    Vec4( -0.0444, 0.0000, 3.1416, -0.0056 ), 
    Vec4( -0.0667, 0.0000, 3.1416, -0.0083 ), 
    Vec4( -0.0889, 0.0000, 3.1416, -0.0111 ), 
    Vec4( -0.1111, 0.0000, 3.1416, -0.0139 ), 
    Vec4( -0.1333, 0.0000, 3.1416, -0.0167 ), 
    Vec4( -0.1556, 0.0000, 3.1416, -0.0194 ), 
    Vec4( -0.1778, 0.0000, 3.1416, -0.0222 ), 
    Vec4( -0.2000, 0.0000, 3.1416, -0.0250 )
  } 
);
mprims.push_back(mp87);

MP mp88 = MP(
  88, 
  8, 
  Vec4( -8, -1, 9, -1), 
  -1, 
  { 
    Vec4( 0.0000, 0.0000, 3.1416, 0.0000 ), 
    Vec4( -0.0226, 0.0000, 3.1416, -0.0028 ), 
    Vec4( -0.0452, 0.0000, 3.1416, -0.0056 ), 
    Vec4( -0.0678, 0.0000, 3.1416, -0.0083 ), 
    Vec4( -0.0903, -0.0004, 3.1904, -0.0111 ), 
    Vec4( -0.1128, -0.0023, 3.2592, -0.0139 ), 
    Vec4( -0.1352, -0.0057, 3.3280, -0.0167 ), 
    Vec4( -0.1572, -0.0106, 3.3967, -0.0194 ), 
    Vec4( -0.1789, -0.0171, 3.4655, -0.0222 ), 
    Vec4( -0.2000, -0.0250, 3.5343, -0.0250 )
  } 
);
mprims.push_back(mp88);

MP mp89 = MP(
  89, 
  8, 
  Vec4( -8, 1, 7, -1), 
  -1, 
  { 
    Vec4( 0.0000, 0.0000, 3.1416, 0.0000 ), 
    Vec4( -0.0226, 0.0000, 3.1416, -0.0028 ), 
    Vec4( -0.0452, 0.0000, 3.1416, -0.0056 ), 
    Vec4( -0.0678, 0.0000, 3.1416, -0.0083 ), 
    Vec4( -0.0903, 0.0004, 3.0928, -0.0111 ), 
    Vec4( -0.1128, 0.0023, 3.0240, -0.0139 ), 
    Vec4( -0.1352, 0.0057, 2.9552, -0.0167 ), 
    Vec4( -0.1572, 0.0106, 2.8864, -0.0194 ), 
    Vec4( -0.1789, 0.0171, 2.8177, -0.0222 ), 
    Vec4( -0.2000, 0.0250, 2.7489, -0.0250 )
  } 
);
mprims.push_back(mp89);

MP mp90 = MP(
  90, 
  9, 
  Vec4( -2, -1, 9, 0), 
  0, 
  { 
    Vec4( 0.0000, 0.0000, 3.5343, 0.0000 ), 
    Vec4( -0.0056, -0.0028, 3.5343, 0.0000 ), 
    Vec4( -0.0111, -0.0056, 3.5343, 0.0000 ), 
    Vec4( -0.0167, -0.0083, 3.5343, 0.0000 ), 
    Vec4( -0.0222, -0.0111, 3.5343, 0.0000 ), 
    Vec4( -0.0278, -0.0139, 3.5343, 0.0000 ), 
    Vec4( -0.0333, -0.0167, 3.5343, 0.0000 ), 
    Vec4( -0.0389, -0.0194, 3.5343, 0.0000 ), 
    Vec4( -0.0444, -0.0222, 3.5343, 0.0000 ), 
    Vec4( -0.0500, -0.0250, 3.5343, 0.0000 )
  } 
);
mprims.push_back(mp90);

MP mp91 = MP(
  91, 
  9, 
  Vec4( -6, -3, 9, 0), 
  0, 
  { 
    Vec4( 0.0000, 0.0000, 3.5343, 0.0000 ), 
    Vec4( -0.0167, -0.0083, 3.5343, 0.0000 ), 
    Vec4( -0.0333, -0.0167, 3.5343, 0.0000 ), 
    Vec4( -0.0500, -0.0250, 3.5343, 0.0000 ), 
    Vec4( -0.0667, -0.0333, 3.5343, 0.0000 ), 
    Vec4( -0.0833, -0.0417, 3.5343, 0.0000 ), 
    Vec4( -0.1000, -0.0500, 3.5343, 0.0000 ), 
    Vec4( -0.1167, -0.0583, 3.5343, 0.0000 ), 
    Vec4( -0.1333, -0.0667, 3.5343, 0.0000 ), 
    Vec4( -0.1500, -0.0750, 3.5343, 0.0000 )
  } 
);
mprims.push_back(mp91);

MP mp92 = MP(
  92, 
  9, 
  Vec4( -5, -4, 10, 0), 
  0, 
  { 
    Vec4( 0.0000, 0.0000, 3.5343, 0.0000 ), 
    Vec4( -0.0149, -0.0092, 3.5646, 0.0000 ), 
    Vec4( -0.0296, -0.0189, 3.5949, 0.0000 ), 
    Vec4( -0.0440, -0.0291, 3.6252, 0.0000 ), 
    Vec4( -0.0582, -0.0398, 3.6555, 0.0000 ), 
    Vec4( -0.0722, -0.0509, 3.6858, 0.0000 ), 
    Vec4( -0.0858, -0.0625, 3.7161, 0.0000 ), 
    Vec4( -0.0992, -0.0746, 3.7464, 0.0000 ), 
    Vec4( -0.1123, -0.0871, 3.7767, 0.0000 ), 
    Vec4( -0.1250, -0.1000, 3.8070, 0.0000 )
  } 
);
mprims.push_back(mp92);

MP mp93 = MP(
  93, 
  9, 
  Vec4( -7, -2, 8, 0), 
  0, 
  { 
    Vec4( 0.0000, 0.0000, 3.5343, 0.0000 ), 
    Vec4( -0.0188, -0.0078, 3.5343, 0.0000 ), 
    Vec4( -0.0377, -0.0156, 3.5343, 0.0000 ), 
    Vec4( -0.0565, -0.0234, 3.5343, 0.0000 ), 
    Vec4( -0.0754, -0.0312, 3.5152, 0.0000 ), 
    Vec4( -0.0946, -0.0379, 3.4405, 0.0000 ), 
    Vec4( -0.1143, -0.0432, 3.3658, 0.0000 ), 
    Vec4( -0.1344, -0.0470, 3.2910, 0.0000 ), 
    Vec4( -0.1546, -0.0492, 3.2163, 0.0000 ), 
    Vec4( -0.1750, -0.0500, 3.1416, 0.0000 )
  } 
);
mprims.push_back(mp93);

MP mp94 = MP(
  94, 
  9, 
  Vec4( -6, -3, 9, 1), 
  1, 
  { 
    Vec4( 0.0000, 0.0000, 3.5343, 0.0000 ), 
    Vec4( -0.0167, -0.0083, 3.5343, 0.0028 ), 
    Vec4( -0.0333, -0.0167, 3.5343, 0.0056 ), 
    Vec4( -0.0500, -0.0250, 3.5343, 0.0083 ), 
    Vec4( -0.0667, -0.0333, 3.5343, 0.0111 ), 
    Vec4( -0.0833, -0.0417, 3.5343, 0.0139 ), 
    Vec4( -0.1000, -0.0500, 3.5343, 0.0167 ), 
    Vec4( -0.1167, -0.0583, 3.5343, 0.0194 ), 
    Vec4( -0.1333, -0.0667, 3.5343, 0.0222 ), 
    Vec4( -0.1500, -0.0750, 3.5343, 0.0250 )
  } 
);
mprims.push_back(mp94);

MP mp95 = MP(
  95, 
  9, 
  Vec4( -5, -4, 10, 1), 
  1, 
  { 
    Vec4( 0.0000, 0.0000, 3.5343, 0.0000 ), 
    Vec4( -0.0149, -0.0092, 3.5646, 0.0028 ), 
    Vec4( -0.0296, -0.0189, 3.5949, 0.0056 ), 
    Vec4( -0.0440, -0.0291, 3.6252, 0.0083 ), 
    Vec4( -0.0582, -0.0398, 3.6555, 0.0111 ), 
    Vec4( -0.0722, -0.0509, 3.6858, 0.0139 ), 
    Vec4( -0.0858, -0.0625, 3.7161, 0.0167 ), 
    Vec4( -0.0992, -0.0746, 3.7464, 0.0194 ), 
    Vec4( -0.1123, -0.0871, 3.7767, 0.0222 ), 
    Vec4( -0.1250, -0.1000, 3.8070, 0.0250 )
  } 
);
mprims.push_back(mp95);

MP mp96 = MP(
  96, 
  9, 
  Vec4( -7, -2, 8, 1), 
  1, 
  { 
    Vec4( 0.0000, 0.0000, 3.5343, 0.0000 ), 
    Vec4( -0.0188, -0.0078, 3.5343, 0.0028 ), 
    Vec4( -0.0377, -0.0156, 3.5343, 0.0056 ), 
    Vec4( -0.0565, -0.0234, 3.5343, 0.0083 ), 
    Vec4( -0.0754, -0.0312, 3.5152, 0.0111 ), 
    Vec4( -0.0946, -0.0379, 3.4405, 0.0139 ), 
    Vec4( -0.1143, -0.0432, 3.3658, 0.0167 ), 
    Vec4( -0.1344, -0.0470, 3.2910, 0.0194 ), 
    Vec4( -0.1546, -0.0492, 3.2163, 0.0222 ), 
    Vec4( -0.1750, -0.0500, 3.1416, 0.0250 )
  } 
);
mprims.push_back(mp96);

MP mp97 = MP(
  97, 
  9, 
  Vec4( -6, -3, 9, -1), 
  -1, 
  { 
    Vec4( 0.0000, 0.0000, 3.5343, 0.0000 ), 
    Vec4( -0.0167, -0.0083, 3.5343, -0.0028 ), 
    Vec4( -0.0333, -0.0167, 3.5343, -0.0056 ), 
    Vec4( -0.0500, -0.0250, 3.5343, -0.0083 ), 
    Vec4( -0.0667, -0.0333, 3.5343, -0.0111 ), 
    Vec4( -0.0833, -0.0417, 3.5343, -0.0139 ), 
    Vec4( -0.1000, -0.0500, 3.5343, -0.0167 ), 
    Vec4( -0.1167, -0.0583, 3.5343, -0.0194 ), 
    Vec4( -0.1333, -0.0667, 3.5343, -0.0222 ), 
    Vec4( -0.1500, -0.0750, 3.5343, -0.0250 )
  } 
);
mprims.push_back(mp97);

MP mp98 = MP(
  98, 
  9, 
  Vec4( -5, -4, 10, -1), 
  -1, 
  { 
    Vec4( 0.0000, 0.0000, 3.5343, 0.0000 ), 
    Vec4( -0.0149, -0.0092, 3.5646, -0.0028 ), 
    Vec4( -0.0296, -0.0189, 3.5949, -0.0056 ), 
    Vec4( -0.0440, -0.0291, 3.6252, -0.0083 ), 
    Vec4( -0.0582, -0.0398, 3.6555, -0.0111 ), 
    Vec4( -0.0722, -0.0509, 3.6858, -0.0139 ), 
    Vec4( -0.0858, -0.0625, 3.7161, -0.0167 ), 
    Vec4( -0.0992, -0.0746, 3.7464, -0.0194 ), 
    Vec4( -0.1123, -0.0871, 3.7767, -0.0222 ), 
    Vec4( -0.1250, -0.1000, 3.8070, -0.0250 )
  } 
);
mprims.push_back(mp98);

MP mp99 = MP(
  99, 
  9, 
  Vec4( -7, -2, 8, -1), 
  -1, 
  { 
    Vec4( 0.0000, 0.0000, 3.5343, 0.0000 ), 
    Vec4( -0.0188, -0.0078, 3.5343, -0.0028 ), 
    Vec4( -0.0377, -0.0156, 3.5343, -0.0056 ), 
    Vec4( -0.0565, -0.0234, 3.5343, -0.0083 ), 
    Vec4( -0.0754, -0.0312, 3.5152, -0.0111 ), 
    Vec4( -0.0946, -0.0379, 3.4405, -0.0139 ), 
    Vec4( -0.1143, -0.0432, 3.3658, -0.0167 ), 
    Vec4( -0.1344, -0.0470, 3.2910, -0.0194 ), 
    Vec4( -0.1546, -0.0492, 3.2163, -0.0222 ), 
    Vec4( -0.1750, -0.0500, 3.1416, -0.0250 )
  } 
);
mprims.push_back(mp99);

MP mp100 = MP(
  100, 
  10, 
  Vec4( -1, -1, 10, 0), 
  0, 
  { 
    Vec4( 0.0000, 0.0000, 3.9270, 0.0000 ), 
    Vec4( -0.0028, -0.0028, 3.9270, 0.0000 ), 
    Vec4( -0.0056, -0.0056, 3.9270, 0.0000 ), 
    Vec4( -0.0083, -0.0083, 3.9270, 0.0000 ), 
    Vec4( -0.0111, -0.0111, 3.9270, 0.0000 ), 
    Vec4( -0.0139, -0.0139, 3.9270, 0.0000 ), 
    Vec4( -0.0167, -0.0167, 3.9270, 0.0000 ), 
    Vec4( -0.0194, -0.0194, 3.9270, 0.0000 ), 
    Vec4( -0.0222, -0.0222, 3.9270, 0.0000 ), 
    Vec4( -0.0250, -0.0250, 3.9270, 0.0000 )
  } 
);
mprims.push_back(mp100);

MP mp101 = MP(
  101, 
  10, 
  Vec4( -6, -6, 10, 0), 
  0, 
  { 
    Vec4( 0.0000, 0.0000, 3.9270, 0.0000 ), 
    Vec4( -0.0167, -0.0167, 3.9270, 0.0000 ), 
    Vec4( -0.0333, -0.0333, 3.9270, 0.0000 ), 
    Vec4( -0.0500, -0.0500, 3.9270, 0.0000 ), 
    Vec4( -0.0667, -0.0667, 3.9270, 0.0000 ), 
    Vec4( -0.0833, -0.0833, 3.9270, 0.0000 ), 
    Vec4( -0.1000, -0.1000, 3.9270, 0.0000 ), 
    Vec4( -0.1167, -0.1167, 3.9270, 0.0000 ), 
    Vec4( -0.1333, -0.1333, 3.9270, 0.0000 ), 
    Vec4( -0.1500, -0.1500, 3.9270, 0.0000 )
  } 
);
mprims.push_back(mp101);

MP mp102 = MP(
  102, 
  10, 
  Vec4( -5, -7, 11, 0), 
  0, 
  { 
    Vec4( 0.0000, 0.0000, 3.9270, 0.0000 ), 
    Vec4( -0.0170, -0.0170, 3.9270, 0.0000 ), 
    Vec4( -0.0339, -0.0342, 3.9567, 0.0000 ), 
    Vec4( -0.0500, -0.0522, 4.0085, 0.0000 ), 
    Vec4( -0.0651, -0.0709, 4.0604, 0.0000 ), 
    Vec4( -0.0792, -0.0904, 4.1123, 0.0000 ), 
    Vec4( -0.0923, -0.1107, 4.1641, 0.0000 ), 
    Vec4( -0.1043, -0.1315, 4.2160, 0.0000 ), 
    Vec4( -0.1152, -0.1530, 4.2678, 0.0000 ), 
    Vec4( -0.1250, -0.1750, 4.3197, 0.0000 )
  } 
);
mprims.push_back(mp102);

MP mp103 = MP(
  103, 
  10, 
  Vec4( -7, -5, 9, 0), 
  0, 
  { 
    Vec4( 0.0000, 0.0000, 3.9270, 0.0000 ), 
    Vec4( -0.0170, -0.0170, 3.9270, 0.0000 ), 
    Vec4( -0.0342, -0.0339, 3.8973, 0.0000 ), 
    Vec4( -0.0522, -0.0500, 3.8455, 0.0000 ), 
    Vec4( -0.0709, -0.0651, 3.7936, 0.0000 ), 
    Vec4( -0.0904, -0.0792, 3.7417, 0.0000 ), 
    Vec4( -0.1107, -0.0923, 3.6899, 0.0000 ), 
    Vec4( -0.1315, -0.1043, 3.6380, 0.0000 ), 
    Vec4( -0.1530, -0.1152, 3.5862, 0.0000 ), 
    Vec4( -0.1750, -0.1250, 3.5343, 0.0000 )
  } 
);
mprims.push_back(mp103);

MP mp104 = MP(
  104, 
  10, 
  Vec4( -6, -6, 10, 1), 
  1, 
  { 
    Vec4( 0.0000, 0.0000, 3.9270, 0.0000 ), 
    Vec4( -0.0167, -0.0167, 3.9270, 0.0028 ), 
    Vec4( -0.0333, -0.0333, 3.9270, 0.0056 ), 
    Vec4( -0.0500, -0.0500, 3.9270, 0.0083 ), 
    Vec4( -0.0667, -0.0667, 3.9270, 0.0111 ), 
    Vec4( -0.0833, -0.0833, 3.9270, 0.0139 ), 
    Vec4( -0.1000, -0.1000, 3.9270, 0.0167 ), 
    Vec4( -0.1167, -0.1167, 3.9270, 0.0194 ), 
    Vec4( -0.1333, -0.1333, 3.9270, 0.0222 ), 
    Vec4( -0.1500, -0.1500, 3.9270, 0.0250 )
  } 
);
mprims.push_back(mp104);

MP mp105 = MP(
  105, 
  10, 
  Vec4( -5, -7, 11, 1), 
  1, 
  { 
    Vec4( 0.0000, 0.0000, 3.9270, 0.0000 ), 
    Vec4( -0.0170, -0.0170, 3.9270, 0.0028 ), 
    Vec4( -0.0339, -0.0342, 3.9567, 0.0056 ), 
    Vec4( -0.0500, -0.0522, 4.0085, 0.0083 ), 
    Vec4( -0.0651, -0.0709, 4.0604, 0.0111 ), 
    Vec4( -0.0792, -0.0904, 4.1123, 0.0139 ), 
    Vec4( -0.0923, -0.1107, 4.1641, 0.0167 ), 
    Vec4( -0.1043, -0.1315, 4.2160, 0.0194 ), 
    Vec4( -0.1152, -0.1530, 4.2678, 0.0222 ), 
    Vec4( -0.1250, -0.1750, 4.3197, 0.0250 )
  } 
);
mprims.push_back(mp105);

MP mp106 = MP(
  106, 
  10, 
  Vec4( -7, -5, 9, 1), 
  1, 
  { 
    Vec4( 0.0000, 0.0000, 3.9270, 0.0000 ), 
    Vec4( -0.0170, -0.0170, 3.9270, 0.0028 ), 
    Vec4( -0.0342, -0.0339, 3.8973, 0.0056 ), 
    Vec4( -0.0522, -0.0500, 3.8455, 0.0083 ), 
    Vec4( -0.0709, -0.0651, 3.7936, 0.0111 ), 
    Vec4( -0.0904, -0.0792, 3.7417, 0.0139 ), 
    Vec4( -0.1107, -0.0923, 3.6899, 0.0167 ), 
    Vec4( -0.1315, -0.1043, 3.6380, 0.0194 ), 
    Vec4( -0.1530, -0.1152, 3.5862, 0.0222 ), 
    Vec4( -0.1750, -0.1250, 3.5343, 0.0250 )
  } 
);
mprims.push_back(mp106);

MP mp107 = MP(
  107, 
  10, 
  Vec4( -6, -6, 10, -1), 
  -1, 
  { 
    Vec4( 0.0000, 0.0000, 3.9270, 0.0000 ), 
    Vec4( -0.0167, -0.0167, 3.9270, -0.0028 ), 
    Vec4( -0.0333, -0.0333, 3.9270, -0.0056 ), 
    Vec4( -0.0500, -0.0500, 3.9270, -0.0083 ), 
    Vec4( -0.0667, -0.0667, 3.9270, -0.0111 ), 
    Vec4( -0.0833, -0.0833, 3.9270, -0.0139 ), 
    Vec4( -0.1000, -0.1000, 3.9270, -0.0167 ), 
    Vec4( -0.1167, -0.1167, 3.9270, -0.0194 ), 
    Vec4( -0.1333, -0.1333, 3.9270, -0.0222 ), 
    Vec4( -0.1500, -0.1500, 3.9270, -0.0250 )
  } 
);
mprims.push_back(mp107);

MP mp108 = MP(
  108, 
  10, 
  Vec4( -5, -7, 11, -1), 
  -1, 
  { 
    Vec4( 0.0000, 0.0000, 3.9270, 0.0000 ), 
    Vec4( -0.0170, -0.0170, 3.9270, -0.0028 ), 
    Vec4( -0.0339, -0.0342, 3.9567, -0.0056 ), 
    Vec4( -0.0500, -0.0522, 4.0085, -0.0083 ), 
    Vec4( -0.0651, -0.0709, 4.0604, -0.0111 ), 
    Vec4( -0.0792, -0.0904, 4.1123, -0.0139 ), 
    Vec4( -0.0923, -0.1107, 4.1641, -0.0167 ), 
    Vec4( -0.1043, -0.1315, 4.2160, -0.0194 ), 
    Vec4( -0.1152, -0.1530, 4.2678, -0.0222 ), 
    Vec4( -0.1250, -0.1750, 4.3197, -0.0250 )
  } 
);
mprims.push_back(mp108);

MP mp109 = MP(
  109, 
  10, 
  Vec4( -7, -5, 9, -1), 
  -1, 
  { 
    Vec4( 0.0000, 0.0000, 3.9270, 0.0000 ), 
    Vec4( -0.0170, -0.0170, 3.9270, -0.0028 ), 
    Vec4( -0.0342, -0.0339, 3.8973, -0.0056 ), 
    Vec4( -0.0522, -0.0500, 3.8455, -0.0083 ), 
    Vec4( -0.0709, -0.0651, 3.7936, -0.0111 ), 
    Vec4( -0.0904, -0.0792, 3.7417, -0.0139 ), 
    Vec4( -0.1107, -0.0923, 3.6899, -0.0167 ), 
    Vec4( -0.1315, -0.1043, 3.6380, -0.0194 ), 
    Vec4( -0.1530, -0.1152, 3.5862, -0.0222 ), 
    Vec4( -0.1750, -0.1250, 3.5343, -0.0250 )
  } 
);
mprims.push_back(mp109);

MP mp110 = MP(
  110, 
  11, 
  Vec4( -1, -2, 11, 0), 
  0, 
  { 
    Vec4( 0.0000, 0.0000, 4.3197, 0.0000 ), 
    Vec4( -0.0028, -0.0056, 4.3197, 0.0000 ), 
    Vec4( -0.0056, -0.0111, 4.3197, 0.0000 ), 
    Vec4( -0.0083, -0.0167, 4.3197, 0.0000 ), 
    Vec4( -0.0111, -0.0222, 4.3197, 0.0000 ), 
    Vec4( -0.0139, -0.0278, 4.3197, 0.0000 ), 
    Vec4( -0.0167, -0.0333, 4.3197, 0.0000 ), 
    Vec4( -0.0194, -0.0389, 4.3197, 0.0000 ), 
    Vec4( -0.0222, -0.0444, 4.3197, 0.0000 ), 
    Vec4( -0.0250, -0.0500, 4.3197, 0.0000 )
  } 
);
mprims.push_back(mp110);

MP mp111 = MP(
  111, 
  11, 
  Vec4( -3, -6, 11, 0), 
  0, 
  { 
    Vec4( 0.0000, 0.0000, 4.3197, 0.0000 ), 
    Vec4( -0.0083, -0.0167, 4.3197, 0.0000 ), 
    Vec4( -0.0167, -0.0333, 4.3197, 0.0000 ), 
    Vec4( -0.0250, -0.0500, 4.3197, 0.0000 ), 
    Vec4( -0.0333, -0.0667, 4.3197, 0.0000 ), 
    Vec4( -0.0417, -0.0833, 4.3197, 0.0000 ), 
    Vec4( -0.0500, -0.1000, 4.3197, 0.0000 ), 
    Vec4( -0.0583, -0.1167, 4.3197, 0.0000 ), 
    Vec4( -0.0667, -0.1333, 4.3197, 0.0000 ), 
    Vec4( -0.0750, -0.1500, 4.3197, 0.0000 )
  } 
);
mprims.push_back(mp111);

MP mp112 = MP(
  112, 
  11, 
  Vec4( -4, -5, 10, 0), 
  0, 
  { 
    Vec4( 0.0000, 0.0000, 4.3197, 0.0000 ), 
    Vec4( -0.0092, -0.0149, 4.2894, 0.0000 ), 
    Vec4( -0.0189, -0.0296, 4.2591, 0.0000 ), 
    Vec4( -0.0291, -0.0440, 4.2288, 0.0000 ), 
    Vec4( -0.0398, -0.0582, 4.1985, 0.0000 ), 
    Vec4( -0.0509, -0.0722, 4.1682, 0.0000 ), 
    Vec4( -0.0625, -0.0858, 4.1379, 0.0000 ), 
    Vec4( -0.0746, -0.0992, 4.1076, 0.0000 ), 
    Vec4( -0.0871, -0.1123, 4.0773, 0.0000 ), 
    Vec4( -0.1000, -0.1250, 4.0470, 0.0000 )
  } 
);
mprims.push_back(mp112);

MP mp113 = MP(
  113, 
  11, 
  Vec4( -2, -7, 12, 0), 
  0, 
  { 
    Vec4( 0.0000, 0.0000, 4.3197, 0.0000 ), 
    Vec4( -0.0078, -0.0188, 4.3197, 0.0000 ), 
    Vec4( -0.0156, -0.0377, 4.3197, 0.0000 ), 
    Vec4( -0.0234, -0.0565, 4.3197, 0.0000 ), 
    Vec4( -0.0312, -0.0754, 4.3388, 0.0000 ), 
    Vec4( -0.0379, -0.0946, 4.4135, 0.0000 ), 
    Vec4( -0.0432, -0.1143, 4.4882, 0.0000 ), 
    Vec4( -0.0470, -0.1344, 4.5629, 0.0000 ), 
    Vec4( -0.0492, -0.1546, 4.6377, 0.0000 ), 
    Vec4( -0.0500, -0.1750, 4.7124, 0.0000 )
  } 
);
mprims.push_back(mp113);

MP mp114 = MP(
  114, 
  11, 
  Vec4( -3, -6, 11, 1), 
  1, 
  { 
    Vec4( 0.0000, 0.0000, 4.3197, 0.0000 ), 
    Vec4( -0.0083, -0.0167, 4.3197, 0.0028 ), 
    Vec4( -0.0167, -0.0333, 4.3197, 0.0056 ), 
    Vec4( -0.0250, -0.0500, 4.3197, 0.0083 ), 
    Vec4( -0.0333, -0.0667, 4.3197, 0.0111 ), 
    Vec4( -0.0417, -0.0833, 4.3197, 0.0139 ), 
    Vec4( -0.0500, -0.1000, 4.3197, 0.0167 ), 
    Vec4( -0.0583, -0.1167, 4.3197, 0.0194 ), 
    Vec4( -0.0667, -0.1333, 4.3197, 0.0222 ), 
    Vec4( -0.0750, -0.1500, 4.3197, 0.0250 )
  } 
);
mprims.push_back(mp114);

MP mp115 = MP(
  115, 
  11, 
  Vec4( -4, -5, 10, 1), 
  1, 
  { 
    Vec4( 0.0000, 0.0000, 4.3197, 0.0000 ), 
    Vec4( -0.0092, -0.0149, 4.2894, 0.0028 ), 
    Vec4( -0.0189, -0.0296, 4.2591, 0.0056 ), 
    Vec4( -0.0291, -0.0440, 4.2288, 0.0083 ), 
    Vec4( -0.0398, -0.0582, 4.1985, 0.0111 ), 
    Vec4( -0.0509, -0.0722, 4.1682, 0.0139 ), 
    Vec4( -0.0625, -0.0858, 4.1379, 0.0167 ), 
    Vec4( -0.0746, -0.0992, 4.1076, 0.0194 ), 
    Vec4( -0.0871, -0.1123, 4.0773, 0.0222 ), 
    Vec4( -0.1000, -0.1250, 4.0470, 0.0250 )
  } 
);
mprims.push_back(mp115);

MP mp116 = MP(
  116, 
  11, 
  Vec4( -2, -7, 12, 1), 
  1, 
  { 
    Vec4( 0.0000, 0.0000, 4.3197, 0.0000 ), 
    Vec4( -0.0078, -0.0188, 4.3197, 0.0028 ), 
    Vec4( -0.0156, -0.0377, 4.3197, 0.0056 ), 
    Vec4( -0.0234, -0.0565, 4.3197, 0.0083 ), 
    Vec4( -0.0312, -0.0754, 4.3388, 0.0111 ), 
    Vec4( -0.0379, -0.0946, 4.4135, 0.0139 ), 
    Vec4( -0.0432, -0.1143, 4.4882, 0.0167 ), 
    Vec4( -0.0470, -0.1344, 4.5629, 0.0194 ), 
    Vec4( -0.0492, -0.1546, 4.6377, 0.0222 ), 
    Vec4( -0.0500, -0.1750, 4.7124, 0.0250 )
  } 
);
mprims.push_back(mp116);

MP mp117 = MP(
  117, 
  11, 
  Vec4( -3, -6, 11, -1), 
  -1, 
  { 
    Vec4( 0.0000, 0.0000, 4.3197, 0.0000 ), 
    Vec4( -0.0083, -0.0167, 4.3197, -0.0028 ), 
    Vec4( -0.0167, -0.0333, 4.3197, -0.0056 ), 
    Vec4( -0.0250, -0.0500, 4.3197, -0.0083 ), 
    Vec4( -0.0333, -0.0667, 4.3197, -0.0111 ), 
    Vec4( -0.0417, -0.0833, 4.3197, -0.0139 ), 
    Vec4( -0.0500, -0.1000, 4.3197, -0.0167 ), 
    Vec4( -0.0583, -0.1167, 4.3197, -0.0194 ), 
    Vec4( -0.0667, -0.1333, 4.3197, -0.0222 ), 
    Vec4( -0.0750, -0.1500, 4.3197, -0.0250 )
  } 
);
mprims.push_back(mp117);

MP mp118 = MP(
  118, 
  11, 
  Vec4( -4, -5, 10, -1), 
  -1, 
  { 
    Vec4( 0.0000, 0.0000, 4.3197, 0.0000 ), 
    Vec4( -0.0092, -0.0149, 4.2894, -0.0028 ), 
    Vec4( -0.0189, -0.0296, 4.2591, -0.0056 ), 
    Vec4( -0.0291, -0.0440, 4.2288, -0.0083 ), 
    Vec4( -0.0398, -0.0582, 4.1985, -0.0111 ), 
    Vec4( -0.0509, -0.0722, 4.1682, -0.0139 ), 
    Vec4( -0.0625, -0.0858, 4.1379, -0.0167 ), 
    Vec4( -0.0746, -0.0992, 4.1076, -0.0194 ), 
    Vec4( -0.0871, -0.1123, 4.0773, -0.0222 ), 
    Vec4( -0.1000, -0.1250, 4.0470, -0.0250 )
  } 
);
mprims.push_back(mp118);

MP mp119 = MP(
  119, 
  11, 
  Vec4( -2, -7, 12, -1), 
  -1, 
  { 
    Vec4( 0.0000, 0.0000, 4.3197, 0.0000 ), 
    Vec4( -0.0078, -0.0188, 4.3197, -0.0028 ), 
    Vec4( -0.0156, -0.0377, 4.3197, -0.0056 ), 
    Vec4( -0.0234, -0.0565, 4.3197, -0.0083 ), 
    Vec4( -0.0312, -0.0754, 4.3388, -0.0111 ), 
    Vec4( -0.0379, -0.0946, 4.4135, -0.0139 ), 
    Vec4( -0.0432, -0.1143, 4.4882, -0.0167 ), 
    Vec4( -0.0470, -0.1344, 4.5629, -0.0194 ), 
    Vec4( -0.0492, -0.1546, 4.6377, -0.0222 ), 
    Vec4( -0.0500, -0.1750, 4.7124, -0.0250 )
  } 
);
mprims.push_back(mp119);

MP mp120 = MP(
  120, 
  12, 
  Vec4( 0, -1, 12, 0), 
  0, 
  { 
    Vec4( 0.0000, 0.0000, 4.7124, 0.0000 ), 
    Vec4( 0.0000, -0.0028, 4.7124, 0.0000 ), 
    Vec4( 0.0000, -0.0056, 4.7124, 0.0000 ), 
    Vec4( 0.0000, -0.0083, 4.7124, 0.0000 ), 
    Vec4( 0.0000, -0.0111, 4.7124, 0.0000 ), 
    Vec4( 0.0000, -0.0139, 4.7124, 0.0000 ), 
    Vec4( 0.0000, -0.0167, 4.7124, 0.0000 ), 
    Vec4( 0.0000, -0.0194, 4.7124, 0.0000 ), 
    Vec4( 0.0000, -0.0222, 4.7124, 0.0000 ), 
    Vec4( 0.0000, -0.0250, 4.7124, 0.0000 )
  } 
);
mprims.push_back(mp120);

MP mp121 = MP(
  121, 
  12, 
  Vec4( 0, -8, 12, 0), 
  0, 
  { 
    Vec4( 0.0000, 0.0000, 4.7124, 0.0000 ), 
    Vec4( 0.0000, -0.0222, 4.7124, 0.0000 ), 
    Vec4( 0.0000, -0.0444, 4.7124, 0.0000 ), 
    Vec4( 0.0000, -0.0667, 4.7124, 0.0000 ), 
    Vec4( 0.0000, -0.0889, 4.7124, 0.0000 ), 
    Vec4( 0.0000, -0.1111, 4.7124, 0.0000 ), 
    Vec4( 0.0000, -0.1333, 4.7124, 0.0000 ), 
    Vec4( 0.0000, -0.1556, 4.7124, 0.0000 ), 
    Vec4( 0.0000, -0.1778, 4.7124, 0.0000 ), 
    Vec4( 0.0000, -0.2000, 4.7124, 0.0000 )
  } 
);
mprims.push_back(mp121);

MP mp122 = MP(
  122, 
  12, 
  Vec4( 1, -8, 13, 0), 
  0, 
  { 
    Vec4( 0.0000, 0.0000, 4.7124, 0.0000 ), 
    Vec4( 0.0000, -0.0226, 4.7124, 0.0000 ), 
    Vec4( 0.0000, -0.0452, 4.7124, 0.0000 ), 
    Vec4( 0.0000, -0.0678, 4.7124, 0.0000 ), 
    Vec4( 0.0004, -0.0903, 4.7612, 0.0000 ), 
    Vec4( 0.0023, -0.1128, 4.8300, 0.0000 ), 
    Vec4( 0.0057, -0.1352, 4.8988, 0.0000 ), 
    Vec4( 0.0106, -0.1572, 4.9675, 0.0000 ), 
    Vec4( 0.0171, -0.1789, 5.0363, 0.0000 ), 
    Vec4( 0.0250, -0.2000, 5.1051, 0.0000 )
  } 
);
mprims.push_back(mp122);

MP mp123 = MP(
  123, 
  12, 
  Vec4( -1, -8, 11, 0), 
  0, 
  { 
    Vec4( 0.0000, 0.0000, 4.7124, 0.0000 ), 
    Vec4( -0.0000, -0.0226, 4.7124, 0.0000 ), 
    Vec4( -0.0000, -0.0452, 4.7124, 0.0000 ), 
    Vec4( -0.0000, -0.0678, 4.7124, 0.0000 ), 
    Vec4( -0.0004, -0.0903, 4.6636, 0.0000 ), 
    Vec4( -0.0023, -0.1128, 4.5948, 0.0000 ), 
    Vec4( -0.0057, -0.1352, 4.5260, 0.0000 ), 
    Vec4( -0.0106, -0.1572, 4.4572, 0.0000 ), 
    Vec4( -0.0171, -0.1789, 4.3885, 0.0000 ), 
    Vec4( -0.0250, -0.2000, 4.3197, 0.0000 )
  } 
);
mprims.push_back(mp123);

MP mp124 = MP(
  124, 
  12, 
  Vec4( 0, -8, 12, 1), 
  1, 
  { 
    Vec4( 0.0000, 0.0000, 4.7124, 0.0000 ), 
    Vec4( 0.0000, -0.0222, 4.7124, 0.0028 ), 
    Vec4( 0.0000, -0.0444, 4.7124, 0.0056 ), 
    Vec4( 0.0000, -0.0667, 4.7124, 0.0083 ), 
    Vec4( 0.0000, -0.0889, 4.7124, 0.0111 ), 
    Vec4( 0.0000, -0.1111, 4.7124, 0.0139 ), 
    Vec4( 0.0000, -0.1333, 4.7124, 0.0167 ), 
    Vec4( 0.0000, -0.1556, 4.7124, 0.0194 ), 
    Vec4( 0.0000, -0.1778, 4.7124, 0.0222 ), 
    Vec4( 0.0000, -0.2000, 4.7124, 0.0250 )
  } 
);
mprims.push_back(mp124);

MP mp125 = MP(
  125, 
  12, 
  Vec4( 1, -8, 13, 1), 
  1, 
  { 
    Vec4( 0.0000, 0.0000, 4.7124, 0.0000 ), 
    Vec4( 0.0000, -0.0226, 4.7124, 0.0028 ), 
    Vec4( 0.0000, -0.0452, 4.7124, 0.0056 ), 
    Vec4( 0.0000, -0.0678, 4.7124, 0.0083 ), 
    Vec4( 0.0004, -0.0903, 4.7612, 0.0111 ), 
    Vec4( 0.0023, -0.1128, 4.8300, 0.0139 ), 
    Vec4( 0.0057, -0.1352, 4.8988, 0.0167 ), 
    Vec4( 0.0106, -0.1572, 4.9675, 0.0194 ), 
    Vec4( 0.0171, -0.1789, 5.0363, 0.0222 ), 
    Vec4( 0.0250, -0.2000, 5.1051, 0.0250 )
  } 
);
mprims.push_back(mp125);

MP mp126 = MP(
  126, 
  12, 
  Vec4( -1, -8, 11, 1), 
  1, 
  { 
    Vec4( 0.0000, 0.0000, 4.7124, 0.0000 ), 
    Vec4( -0.0000, -0.0226, 4.7124, 0.0028 ), 
    Vec4( -0.0000, -0.0452, 4.7124, 0.0056 ), 
    Vec4( -0.0000, -0.0678, 4.7124, 0.0083 ), 
    Vec4( -0.0004, -0.0903, 4.6636, 0.0111 ), 
    Vec4( -0.0023, -0.1128, 4.5948, 0.0139 ), 
    Vec4( -0.0057, -0.1352, 4.5260, 0.0167 ), 
    Vec4( -0.0106, -0.1572, 4.4572, 0.0194 ), 
    Vec4( -0.0171, -0.1789, 4.3885, 0.0222 ), 
    Vec4( -0.0250, -0.2000, 4.3197, 0.0250 )
  } 
);
mprims.push_back(mp126);

MP mp127 = MP(
  127, 
  12, 
  Vec4( 0, -8, 12, -1), 
  -1, 
  { 
    Vec4( 0.0000, 0.0000, 4.7124, 0.0000 ), 
    Vec4( 0.0000, -0.0222, 4.7124, -0.0028 ), 
    Vec4( 0.0000, -0.0444, 4.7124, -0.0056 ), 
    Vec4( 0.0000, -0.0667, 4.7124, -0.0083 ), 
    Vec4( 0.0000, -0.0889, 4.7124, -0.0111 ), 
    Vec4( 0.0000, -0.1111, 4.7124, -0.0139 ), 
    Vec4( 0.0000, -0.1333, 4.7124, -0.0167 ), 
    Vec4( 0.0000, -0.1556, 4.7124, -0.0194 ), 
    Vec4( 0.0000, -0.1778, 4.7124, -0.0222 ), 
    Vec4( 0.0000, -0.2000, 4.7124, -0.0250 )
  } 
);
mprims.push_back(mp127);

MP mp128 = MP(
  128, 
  12, 
  Vec4( 1, -8, 13, -1), 
  -1, 
  { 
    Vec4( 0.0000, 0.0000, 4.7124, 0.0000 ), 
    Vec4( 0.0000, -0.0226, 4.7124, -0.0028 ), 
    Vec4( 0.0000, -0.0452, 4.7124, -0.0056 ), 
    Vec4( 0.0000, -0.0678, 4.7124, -0.0083 ), 
    Vec4( 0.0004, -0.0903, 4.7612, -0.0111 ), 
    Vec4( 0.0023, -0.1128, 4.8300, -0.0139 ), 
    Vec4( 0.0057, -0.1352, 4.8988, -0.0167 ), 
    Vec4( 0.0106, -0.1572, 4.9675, -0.0194 ), 
    Vec4( 0.0171, -0.1789, 5.0363, -0.0222 ), 
    Vec4( 0.0250, -0.2000, 5.1051, -0.0250 )
  } 
);
mprims.push_back(mp128);

MP mp129 = MP(
  129, 
  12, 
  Vec4( -1, -8, 11, -1), 
  -1, 
  { 
    Vec4( 0.0000, 0.0000, 4.7124, 0.0000 ), 
    Vec4( -0.0000, -0.0226, 4.7124, -0.0028 ), 
    Vec4( -0.0000, -0.0452, 4.7124, -0.0056 ), 
    Vec4( -0.0000, -0.0678, 4.7124, -0.0083 ), 
    Vec4( -0.0004, -0.0903, 4.6636, -0.0111 ), 
    Vec4( -0.0023, -0.1128, 4.5948, -0.0139 ), 
    Vec4( -0.0057, -0.1352, 4.5260, -0.0167 ), 
    Vec4( -0.0106, -0.1572, 4.4572, -0.0194 ), 
    Vec4( -0.0171, -0.1789, 4.3885, -0.0222 ), 
    Vec4( -0.0250, -0.2000, 4.3197, -0.0250 )
  } 
);
mprims.push_back(mp129);

MP mp130 = MP(
  130, 
  13, 
  Vec4( 1, -2, 13, 0), 
  0, 
  { 
    Vec4( 0.0000, 0.0000, 5.1051, 0.0000 ), 
    Vec4( 0.0028, -0.0056, 5.1051, 0.0000 ), 
    Vec4( 0.0056, -0.0111, 5.1051, 0.0000 ), 
    Vec4( 0.0083, -0.0167, 5.1051, 0.0000 ), 
    Vec4( 0.0111, -0.0222, 5.1051, 0.0000 ), 
    Vec4( 0.0139, -0.0278, 5.1051, 0.0000 ), 
    Vec4( 0.0167, -0.0333, 5.1051, 0.0000 ), 
    Vec4( 0.0194, -0.0389, 5.1051, 0.0000 ), 
    Vec4( 0.0222, -0.0444, 5.1051, 0.0000 ), 
    Vec4( 0.0250, -0.0500, 5.1051, 0.0000 )
  } 
);
mprims.push_back(mp130);

MP mp131 = MP(
  131, 
  13, 
  Vec4( 3, -6, 13, 0), 
  0, 
  { 
    Vec4( 0.0000, 0.0000, 5.1051, 0.0000 ), 
    Vec4( 0.0083, -0.0167, 5.1051, 0.0000 ), 
    Vec4( 0.0167, -0.0333, 5.1051, 0.0000 ), 
    Vec4( 0.0250, -0.0500, 5.1051, 0.0000 ), 
    Vec4( 0.0333, -0.0667, 5.1051, 0.0000 ), 
    Vec4( 0.0417, -0.0833, 5.1051, 0.0000 ), 
    Vec4( 0.0500, -0.1000, 5.1051, 0.0000 ), 
    Vec4( 0.0583, -0.1167, 5.1051, 0.0000 ), 
    Vec4( 0.0667, -0.1333, 5.1051, 0.0000 ), 
    Vec4( 0.0750, -0.1500, 5.1051, 0.0000 )
  } 
);
mprims.push_back(mp131);

MP mp132 = MP(
  132, 
  13, 
  Vec4( 4, -5, 14, 0), 
  0, 
  { 
    Vec4( 0.0000, 0.0000, 5.1051, 0.0000 ), 
    Vec4( 0.0092, -0.0149, 5.1354, 0.0000 ), 
    Vec4( 0.0189, -0.0296, 5.1657, 0.0000 ), 
    Vec4( 0.0291, -0.0440, 5.1960, 0.0000 ), 
    Vec4( 0.0398, -0.0582, 5.2263, 0.0000 ), 
    Vec4( 0.0509, -0.0722, 5.2566, 0.0000 ), 
    Vec4( 0.0625, -0.0858, 5.2869, 0.0000 ), 
    Vec4( 0.0746, -0.0992, 5.3172, 0.0000 ), 
    Vec4( 0.0871, -0.1123, 5.3475, 0.0000 ), 
    Vec4( 0.1000, -0.1250, 5.3778, 0.0000 )
  } 
);
mprims.push_back(mp132);

MP mp133 = MP(
  133, 
  13, 
  Vec4( 2, -7, 12, 0), 
  0, 
  { 
    Vec4( 0.0000, 0.0000, 5.1051, 0.0000 ), 
    Vec4( 0.0078, -0.0188, 5.1051, 0.0000 ), 
    Vec4( 0.0156, -0.0377, 5.1051, 0.0000 ), 
    Vec4( 0.0234, -0.0565, 5.1051, 0.0000 ), 
    Vec4( 0.0312, -0.0754, 5.0860, 0.0000 ), 
    Vec4( 0.0379, -0.0946, 5.0113, 0.0000 ), 
    Vec4( 0.0432, -0.1143, 4.9366, 0.0000 ), 
    Vec4( 0.0470, -0.1344, 4.8618, 0.0000 ), 
    Vec4( 0.0492, -0.1546, 4.7871, 0.0000 ), 
    Vec4( 0.0500, -0.1750, 4.7124, 0.0000 )
  } 
);
mprims.push_back(mp133);

MP mp134 = MP(
  134, 
  13, 
  Vec4( 3, -6, 13, 1), 
  1, 
  { 
    Vec4( 0.0000, 0.0000, 5.1051, 0.0000 ), 
    Vec4( 0.0083, -0.0167, 5.1051, 0.0028 ), 
    Vec4( 0.0167, -0.0333, 5.1051, 0.0056 ), 
    Vec4( 0.0250, -0.0500, 5.1051, 0.0083 ), 
    Vec4( 0.0333, -0.0667, 5.1051, 0.0111 ), 
    Vec4( 0.0417, -0.0833, 5.1051, 0.0139 ), 
    Vec4( 0.0500, -0.1000, 5.1051, 0.0167 ), 
    Vec4( 0.0583, -0.1167, 5.1051, 0.0194 ), 
    Vec4( 0.0667, -0.1333, 5.1051, 0.0222 ), 
    Vec4( 0.0750, -0.1500, 5.1051, 0.0250 )
  } 
);
mprims.push_back(mp134);

MP mp135 = MP(
  135, 
  13, 
  Vec4( 4, -5, 14, 1), 
  1, 
  { 
    Vec4( 0.0000, 0.0000, 5.1051, 0.0000 ), 
    Vec4( 0.0092, -0.0149, 5.1354, 0.0028 ), 
    Vec4( 0.0189, -0.0296, 5.1657, 0.0056 ), 
    Vec4( 0.0291, -0.0440, 5.1960, 0.0083 ), 
    Vec4( 0.0398, -0.0582, 5.2263, 0.0111 ), 
    Vec4( 0.0509, -0.0722, 5.2566, 0.0139 ), 
    Vec4( 0.0625, -0.0858, 5.2869, 0.0167 ), 
    Vec4( 0.0746, -0.0992, 5.3172, 0.0194 ), 
    Vec4( 0.0871, -0.1123, 5.3475, 0.0222 ), 
    Vec4( 0.1000, -0.1250, 5.3778, 0.0250 )
  } 
);
mprims.push_back(mp135);

MP mp136 = MP(
  136, 
  13, 
  Vec4( 2, -7, 12, 1), 
  1, 
  { 
    Vec4( 0.0000, 0.0000, 5.1051, 0.0000 ), 
    Vec4( 0.0078, -0.0188, 5.1051, 0.0028 ), 
    Vec4( 0.0156, -0.0377, 5.1051, 0.0056 ), 
    Vec4( 0.0234, -0.0565, 5.1051, 0.0083 ), 
    Vec4( 0.0312, -0.0754, 5.0860, 0.0111 ), 
    Vec4( 0.0379, -0.0946, 5.0113, 0.0139 ), 
    Vec4( 0.0432, -0.1143, 4.9366, 0.0167 ), 
    Vec4( 0.0470, -0.1344, 4.8618, 0.0194 ), 
    Vec4( 0.0492, -0.1546, 4.7871, 0.0222 ), 
    Vec4( 0.0500, -0.1750, 4.7124, 0.0250 )
  } 
);
mprims.push_back(mp136);

MP mp137 = MP(
  137, 
  13, 
  Vec4( 3, -6, 13, -1), 
  -1, 
  { 
    Vec4( 0.0000, 0.0000, 5.1051, 0.0000 ), 
    Vec4( 0.0083, -0.0167, 5.1051, -0.0028 ), 
    Vec4( 0.0167, -0.0333, 5.1051, -0.0056 ), 
    Vec4( 0.0250, -0.0500, 5.1051, -0.0083 ), 
    Vec4( 0.0333, -0.0667, 5.1051, -0.0111 ), 
    Vec4( 0.0417, -0.0833, 5.1051, -0.0139 ), 
    Vec4( 0.0500, -0.1000, 5.1051, -0.0167 ), 
    Vec4( 0.0583, -0.1167, 5.1051, -0.0194 ), 
    Vec4( 0.0667, -0.1333, 5.1051, -0.0222 ), 
    Vec4( 0.0750, -0.1500, 5.1051, -0.0250 )
  } 
);
mprims.push_back(mp137);

MP mp138 = MP(
  138, 
  13, 
  Vec4( 4, -5, 14, -1), 
  -1, 
  { 
    Vec4( 0.0000, 0.0000, 5.1051, 0.0000 ), 
    Vec4( 0.0092, -0.0149, 5.1354, -0.0028 ), 
    Vec4( 0.0189, -0.0296, 5.1657, -0.0056 ), 
    Vec4( 0.0291, -0.0440, 5.1960, -0.0083 ), 
    Vec4( 0.0398, -0.0582, 5.2263, -0.0111 ), 
    Vec4( 0.0509, -0.0722, 5.2566, -0.0139 ), 
    Vec4( 0.0625, -0.0858, 5.2869, -0.0167 ), 
    Vec4( 0.0746, -0.0992, 5.3172, -0.0194 ), 
    Vec4( 0.0871, -0.1123, 5.3475, -0.0222 ), 
    Vec4( 0.1000, -0.1250, 5.3778, -0.0250 )
  } 
);
mprims.push_back(mp138);

MP mp139 = MP(
  139, 
  13, 
  Vec4( 2, -7, 12, -1), 
  -1, 
  { 
    Vec4( 0.0000, 0.0000, 5.1051, 0.0000 ), 
    Vec4( 0.0078, -0.0188, 5.1051, -0.0028 ), 
    Vec4( 0.0156, -0.0377, 5.1051, -0.0056 ), 
    Vec4( 0.0234, -0.0565, 5.1051, -0.0083 ), 
    Vec4( 0.0312, -0.0754, 5.0860, -0.0111 ), 
    Vec4( 0.0379, -0.0946, 5.0113, -0.0139 ), 
    Vec4( 0.0432, -0.1143, 4.9366, -0.0167 ), 
    Vec4( 0.0470, -0.1344, 4.8618, -0.0194 ), 
    Vec4( 0.0492, -0.1546, 4.7871, -0.0222 ), 
    Vec4( 0.0500, -0.1750, 4.7124, -0.0250 )
  } 
);
mprims.push_back(mp139);

MP mp140 = MP(
  140, 
  14, 
  Vec4( 1, -1, 14, 0), 
  0, 
  { 
    Vec4( 0.0000, 0.0000, 5.4978, 0.0000 ), 
    Vec4( 0.0028, -0.0028, 5.4978, 0.0000 ), 
    Vec4( 0.0056, -0.0056, 5.4978, 0.0000 ), 
    Vec4( 0.0083, -0.0083, 5.4978, 0.0000 ), 
    Vec4( 0.0111, -0.0111, 5.4978, 0.0000 ), 
    Vec4( 0.0139, -0.0139, 5.4978, 0.0000 ), 
    Vec4( 0.0167, -0.0167, 5.4978, 0.0000 ), 
    Vec4( 0.0194, -0.0194, 5.4978, 0.0000 ), 
    Vec4( 0.0222, -0.0222, 5.4978, 0.0000 ), 
    Vec4( 0.0250, -0.0250, 5.4978, 0.0000 )
  } 
);
mprims.push_back(mp140);

MP mp141 = MP(
  141, 
  14, 
  Vec4( 6, -6, 14, 0), 
  0, 
  { 
    Vec4( 0.0000, 0.0000, 5.4978, 0.0000 ), 
    Vec4( 0.0167, -0.0167, 5.4978, 0.0000 ), 
    Vec4( 0.0333, -0.0333, 5.4978, 0.0000 ), 
    Vec4( 0.0500, -0.0500, 5.4978, 0.0000 ), 
    Vec4( 0.0667, -0.0667, 5.4978, 0.0000 ), 
    Vec4( 0.0833, -0.0833, 5.4978, 0.0000 ), 
    Vec4( 0.1000, -0.1000, 5.4978, 0.0000 ), 
    Vec4( 0.1167, -0.1167, 5.4978, 0.0000 ), 
    Vec4( 0.1333, -0.1333, 5.4978, 0.0000 ), 
    Vec4( 0.1500, -0.1500, 5.4978, 0.0000 )
  } 
);
mprims.push_back(mp141);

MP mp142 = MP(
  142, 
  14, 
  Vec4( 7, -5, 15, 0), 
  0, 
  { 
    Vec4( 0.0000, 0.0000, 5.4978, 0.0000 ), 
    Vec4( 0.0170, -0.0170, 5.4978, 0.0000 ), 
    Vec4( 0.0342, -0.0339, 5.5275, 0.0000 ), 
    Vec4( 0.0522, -0.0500, 5.5793, 0.0000 ), 
    Vec4( 0.0709, -0.0651, 5.6312, 0.0000 ), 
    Vec4( 0.0904, -0.0792, 5.6830, 0.0000 ), 
    Vec4( 0.1107, -0.0923, 5.7349, 0.0000 ), 
    Vec4( 0.1315, -0.1043, 5.7868, 0.0000 ), 
    Vec4( 0.1530, -0.1152, 5.8386, 0.0000 ), 
    Vec4( 0.1750, -0.1250, 5.8905, 0.0000 )
  } 
);
mprims.push_back(mp142);

MP mp143 = MP(
  143, 
  14, 
  Vec4( 5, -7, 13, 0), 
  0, 
  { 
    Vec4( 0.0000, 0.0000, 5.4978, 0.0000 ), 
    Vec4( 0.0170, -0.0170, 5.4978, 0.0000 ), 
    Vec4( 0.0339, -0.0342, 5.4681, 0.0000 ), 
    Vec4( 0.0500, -0.0522, 5.4162, 0.0000 ), 
    Vec4( 0.0651, -0.0709, 5.3644, 0.0000 ), 
    Vec4( 0.0792, -0.0904, 5.3125, 0.0000 ), 
    Vec4( 0.0923, -0.1107, 5.2607, 0.0000 ), 
    Vec4( 0.1043, -0.1315, 5.2088, 0.0000 ), 
    Vec4( 0.1152, -0.1530, 5.1569, 0.0000 ), 
    Vec4( 0.1250, -0.1750, 5.1051, 0.0000 )
  } 
);
mprims.push_back(mp143);

MP mp144 = MP(
  144, 
  14, 
  Vec4( 6, -6, 14, 1), 
  1, 
  { 
    Vec4( 0.0000, 0.0000, 5.4978, 0.0000 ), 
    Vec4( 0.0167, -0.0167, 5.4978, 0.0028 ), 
    Vec4( 0.0333, -0.0333, 5.4978, 0.0056 ), 
    Vec4( 0.0500, -0.0500, 5.4978, 0.0083 ), 
    Vec4( 0.0667, -0.0667, 5.4978, 0.0111 ), 
    Vec4( 0.0833, -0.0833, 5.4978, 0.0139 ), 
    Vec4( 0.1000, -0.1000, 5.4978, 0.0167 ), 
    Vec4( 0.1167, -0.1167, 5.4978, 0.0194 ), 
    Vec4( 0.1333, -0.1333, 5.4978, 0.0222 ), 
    Vec4( 0.1500, -0.1500, 5.4978, 0.0250 )
  } 
);
mprims.push_back(mp144);

MP mp145 = MP(
  145, 
  14, 
  Vec4( 7, -5, 15, 1), 
  1, 
  { 
    Vec4( 0.0000, 0.0000, 5.4978, 0.0000 ), 
    Vec4( 0.0170, -0.0170, 5.4978, 0.0028 ), 
    Vec4( 0.0342, -0.0339, 5.5275, 0.0056 ), 
    Vec4( 0.0522, -0.0500, 5.5793, 0.0083 ), 
    Vec4( 0.0709, -0.0651, 5.6312, 0.0111 ), 
    Vec4( 0.0904, -0.0792, 5.6830, 0.0139 ), 
    Vec4( 0.1107, -0.0923, 5.7349, 0.0167 ), 
    Vec4( 0.1315, -0.1043, 5.7868, 0.0194 ), 
    Vec4( 0.1530, -0.1152, 5.8386, 0.0222 ), 
    Vec4( 0.1750, -0.1250, 5.8905, 0.0250 )
  } 
);
mprims.push_back(mp145);

MP mp146 = MP(
  146, 
  14, 
  Vec4( 5, -7, 13, 1), 
  1, 
  { 
    Vec4( 0.0000, 0.0000, 5.4978, 0.0000 ), 
    Vec4( 0.0170, -0.0170, 5.4978, 0.0028 ), 
    Vec4( 0.0339, -0.0342, 5.4681, 0.0056 ), 
    Vec4( 0.0500, -0.0522, 5.4162, 0.0083 ), 
    Vec4( 0.0651, -0.0709, 5.3644, 0.0111 ), 
    Vec4( 0.0792, -0.0904, 5.3125, 0.0139 ), 
    Vec4( 0.0923, -0.1107, 5.2607, 0.0167 ), 
    Vec4( 0.1043, -0.1315, 5.2088, 0.0194 ), 
    Vec4( 0.1152, -0.1530, 5.1569, 0.0222 ), 
    Vec4( 0.1250, -0.1750, 5.1051, 0.0250 )
  } 
);
mprims.push_back(mp146);

MP mp147 = MP(
  147, 
  14, 
  Vec4( 6, -6, 14, -1), 
  -1, 
  { 
    Vec4( 0.0000, 0.0000, 5.4978, 0.0000 ), 
    Vec4( 0.0167, -0.0167, 5.4978, -0.0028 ), 
    Vec4( 0.0333, -0.0333, 5.4978, -0.0056 ), 
    Vec4( 0.0500, -0.0500, 5.4978, -0.0083 ), 
    Vec4( 0.0667, -0.0667, 5.4978, -0.0111 ), 
    Vec4( 0.0833, -0.0833, 5.4978, -0.0139 ), 
    Vec4( 0.1000, -0.1000, 5.4978, -0.0167 ), 
    Vec4( 0.1167, -0.1167, 5.4978, -0.0194 ), 
    Vec4( 0.1333, -0.1333, 5.4978, -0.0222 ), 
    Vec4( 0.1500, -0.1500, 5.4978, -0.0250 )
  } 
);
mprims.push_back(mp147);

MP mp148 = MP(
  148, 
  14, 
  Vec4( 7, -5, 15, -1), 
  -1, 
  { 
    Vec4( 0.0000, 0.0000, 5.4978, 0.0000 ), 
    Vec4( 0.0170, -0.0170, 5.4978, -0.0028 ), 
    Vec4( 0.0342, -0.0339, 5.5275, -0.0056 ), 
    Vec4( 0.0522, -0.0500, 5.5793, -0.0083 ), 
    Vec4( 0.0709, -0.0651, 5.6312, -0.0111 ), 
    Vec4( 0.0904, -0.0792, 5.6830, -0.0139 ), 
    Vec4( 0.1107, -0.0923, 5.7349, -0.0167 ), 
    Vec4( 0.1315, -0.1043, 5.7868, -0.0194 ), 
    Vec4( 0.1530, -0.1152, 5.8386, -0.0222 ), 
    Vec4( 0.1750, -0.1250, 5.8905, -0.0250 )
  } 
);
mprims.push_back(mp148);

MP mp149 = MP(
  149, 
  14, 
  Vec4( 5, -7, 13, -1), 
  -1, 
  { 
    Vec4( 0.0000, 0.0000, 5.4978, 0.0000 ), 
    Vec4( 0.0170, -0.0170, 5.4978, -0.0028 ), 
    Vec4( 0.0339, -0.0342, 5.4681, -0.0056 ), 
    Vec4( 0.0500, -0.0522, 5.4162, -0.0083 ), 
    Vec4( 0.0651, -0.0709, 5.3644, -0.0111 ), 
    Vec4( 0.0792, -0.0904, 5.3125, -0.0139 ), 
    Vec4( 0.0923, -0.1107, 5.2607, -0.0167 ), 
    Vec4( 0.1043, -0.1315, 5.2088, -0.0194 ), 
    Vec4( 0.1152, -0.1530, 5.1569, -0.0222 ), 
    Vec4( 0.1250, -0.1750, 5.1051, -0.0250 )
  } 
);
mprims.push_back(mp149);

MP mp150 = MP(
  150, 
  15, 
  Vec4( 2, -1, 15, 0), 
  0, 
  { 
    Vec4( 0.0000, 0.0000, 5.8905, 0.0000 ), 
    Vec4( 0.0056, -0.0028, 5.8905, 0.0000 ), 
    Vec4( 0.0111, -0.0056, 5.8905, 0.0000 ), 
    Vec4( 0.0167, -0.0083, 5.8905, 0.0000 ), 
    Vec4( 0.0222, -0.0111, 5.8905, 0.0000 ), 
    Vec4( 0.0278, -0.0139, 5.8905, 0.0000 ), 
    Vec4( 0.0333, -0.0167, 5.8905, 0.0000 ), 
    Vec4( 0.0389, -0.0194, 5.8905, 0.0000 ), 
    Vec4( 0.0444, -0.0222, 5.8905, 0.0000 ), 
    Vec4( 0.0500, -0.0250, 5.8905, 0.0000 )
  } 
);
mprims.push_back(mp150);

MP mp151 = MP(
  151, 
  15, 
  Vec4( 6, -3, 15, 0), 
  0, 
  { 
    Vec4( 0.0000, 0.0000, 5.8905, 0.0000 ), 
    Vec4( 0.0167, -0.0083, 5.8905, 0.0000 ), 
    Vec4( 0.0333, -0.0167, 5.8905, 0.0000 ), 
    Vec4( 0.0500, -0.0250, 5.8905, 0.0000 ), 
    Vec4( 0.0667, -0.0333, 5.8905, 0.0000 ), 
    Vec4( 0.0833, -0.0417, 5.8905, 0.0000 ), 
    Vec4( 0.1000, -0.0500, 5.8905, 0.0000 ), 
    Vec4( 0.1167, -0.0583, 5.8905, 0.0000 ), 
    Vec4( 0.1333, -0.0667, 5.8905, 0.0000 ), 
    Vec4( 0.1500, -0.0750, 5.8905, 0.0000 )
  } 
);
mprims.push_back(mp151);

MP mp152 = MP(
  152, 
  15, 
  Vec4( 5, -4, 14, 0), 
  0, 
  { 
    Vec4( 0.0000, 0.0000, 5.8905, 0.0000 ), 
    Vec4( 0.0149, -0.0092, 5.8602, 0.0000 ), 
    Vec4( 0.0296, -0.0189, 5.8299, 0.0000 ), 
    Vec4( 0.0440, -0.0291, 5.7996, 0.0000 ), 
    Vec4( 0.0582, -0.0398, 5.7693, 0.0000 ), 
    Vec4( 0.0722, -0.0509, 5.7390, 0.0000 ), 
    Vec4( 0.0858, -0.0625, 5.7087, 0.0000 ), 
    Vec4( 0.0992, -0.0746, 5.6784, 0.0000 ), 
    Vec4( 0.1123, -0.0871, 5.6481, 0.0000 ), 
    Vec4( 0.1250, -0.1000, 5.6178, 0.0000 )
  } 
);
mprims.push_back(mp152);

MP mp153 = MP(
  153, 
  15, 
  Vec4( 7, -2, 0, 0), 
  0, 
  { 
    Vec4( 0.0000, 0.0000, 5.8905, 0.0000 ), 
    Vec4( 0.0188, -0.0078, 5.8905, 0.0000 ), 
    Vec4( 0.0377, -0.0156, 5.8905, 0.0000 ), 
    Vec4( 0.0565, -0.0234, 5.8905, 0.0000 ), 
    Vec4( 0.0754, -0.0312, 5.9096, 0.0000 ), 
    Vec4( 0.0946, -0.0379, 5.9843, 0.0000 ), 
    Vec4( 0.1143, -0.0432, 6.0590, 0.0000 ), 
    Vec4( 0.1344, -0.0470, 6.1337, 0.0000 ), 
    Vec4( 0.1546, -0.0492, 6.2085, 0.0000 ), 
    Vec4( 0.1750, -0.0500, 6.2832, 0.0000 )
  } 
);
mprims.push_back(mp153);

MP mp154 = MP(
  154, 
  15, 
  Vec4( 6, -3, 15, 1), 
  1, 
  { 
    Vec4( 0.0000, 0.0000, 5.8905, 0.0000 ), 
    Vec4( 0.0167, -0.0083, 5.8905, 0.0028 ), 
    Vec4( 0.0333, -0.0167, 5.8905, 0.0056 ), 
    Vec4( 0.0500, -0.0250, 5.8905, 0.0083 ), 
    Vec4( 0.0667, -0.0333, 5.8905, 0.0111 ), 
    Vec4( 0.0833, -0.0417, 5.8905, 0.0139 ), 
    Vec4( 0.1000, -0.0500, 5.8905, 0.0167 ), 
    Vec4( 0.1167, -0.0583, 5.8905, 0.0194 ), 
    Vec4( 0.1333, -0.0667, 5.8905, 0.0222 ), 
    Vec4( 0.1500, -0.0750, 5.8905, 0.0250 )
  } 
);
mprims.push_back(mp154);

MP mp155 = MP(
  155, 
  15, 
  Vec4( 5, -4, 14, 1), 
  1, 
  { 
    Vec4( 0.0000, 0.0000, 5.8905, 0.0000 ), 
    Vec4( 0.0149, -0.0092, 5.8602, 0.0028 ), 
    Vec4( 0.0296, -0.0189, 5.8299, 0.0056 ), 
    Vec4( 0.0440, -0.0291, 5.7996, 0.0083 ), 
    Vec4( 0.0582, -0.0398, 5.7693, 0.0111 ), 
    Vec4( 0.0722, -0.0509, 5.7390, 0.0139 ), 
    Vec4( 0.0858, -0.0625, 5.7087, 0.0167 ), 
    Vec4( 0.0992, -0.0746, 5.6784, 0.0194 ), 
    Vec4( 0.1123, -0.0871, 5.6481, 0.0222 ), 
    Vec4( 0.1250, -0.1000, 5.6178, 0.0250 )
  } 
);
mprims.push_back(mp155);

MP mp156 = MP(
  156, 
  15, 
  Vec4( 7, -2, 0, 1), 
  1, 
  { 
    Vec4( 0.0000, 0.0000, 5.8905, 0.0000 ), 
    Vec4( 0.0188, -0.0078, 5.8905, 0.0028 ), 
    Vec4( 0.0377, -0.0156, 5.8905, 0.0056 ), 
    Vec4( 0.0565, -0.0234, 5.8905, 0.0083 ), 
    Vec4( 0.0754, -0.0312, 5.9096, 0.0111 ), 
    Vec4( 0.0946, -0.0379, 5.9843, 0.0139 ), 
    Vec4( 0.1143, -0.0432, 6.0590, 0.0167 ), 
    Vec4( 0.1344, -0.0470, 6.1337, 0.0194 ), 
    Vec4( 0.1546, -0.0492, 6.2085, 0.0222 ), 
    Vec4( 0.1750, -0.0500, 6.2832, 0.0250 )
  } 
);
mprims.push_back(mp156);

MP mp157 = MP(
  157, 
  15, 
  Vec4( 6, -3, 15, -1), 
  -1, 
  { 
    Vec4( 0.0000, 0.0000, 5.8905, 0.0000 ), 
    Vec4( 0.0167, -0.0083, 5.8905, -0.0028 ), 
    Vec4( 0.0333, -0.0167, 5.8905, -0.0056 ), 
    Vec4( 0.0500, -0.0250, 5.8905, -0.0083 ), 
    Vec4( 0.0667, -0.0333, 5.8905, -0.0111 ), 
    Vec4( 0.0833, -0.0417, 5.8905, -0.0139 ), 
    Vec4( 0.1000, -0.0500, 5.8905, -0.0167 ), 
    Vec4( 0.1167, -0.0583, 5.8905, -0.0194 ), 
    Vec4( 0.1333, -0.0667, 5.8905, -0.0222 ), 
    Vec4( 0.1500, -0.0750, 5.8905, -0.0250 )
  } 
);
mprims.push_back(mp157);

MP mp158 = MP(
  158, 
  15, 
  Vec4( 5, -4, 14, -1), 
  -1, 
  { 
    Vec4( 0.0000, 0.0000, 5.8905, 0.0000 ), 
    Vec4( 0.0149, -0.0092, 5.8602, -0.0028 ), 
    Vec4( 0.0296, -0.0189, 5.8299, -0.0056 ), 
    Vec4( 0.0440, -0.0291, 5.7996, -0.0083 ), 
    Vec4( 0.0582, -0.0398, 5.7693, -0.0111 ), 
    Vec4( 0.0722, -0.0509, 5.7390, -0.0139 ), 
    Vec4( 0.0858, -0.0625, 5.7087, -0.0167 ), 
    Vec4( 0.0992, -0.0746, 5.6784, -0.0194 ), 
    Vec4( 0.1123, -0.0871, 5.6481, -0.0222 ), 
    Vec4( 0.1250, -0.1000, 5.6178, -0.0250 )
  } 
);
mprims.push_back(mp158);

MP mp159 = MP(
  159, 
  15, 
  Vec4( 7, -2, 0, -1), 
  -1, 
  { 
    Vec4( 0.0000, 0.0000, 5.8905, 0.0000 ), 
    Vec4( 0.0188, -0.0078, 5.8905, -0.0028 ), 
    Vec4( 0.0377, -0.0156, 5.8905, -0.0056 ), 
    Vec4( 0.0565, -0.0234, 5.8905, -0.0083 ), 
    Vec4( 0.0754, -0.0312, 5.9096, -0.0111 ), 
    Vec4( 0.0946, -0.0379, 5.9843, -0.0139 ), 
    Vec4( 0.1143, -0.0432, 6.0590, -0.0167 ), 
    Vec4( 0.1344, -0.0470, 6.1337, -0.0194 ), 
    Vec4( 0.1546, -0.0492, 6.2085, -0.0222 ), 
    Vec4( 0.1750, -0.0500, 6.2832, -0.0250 )
  } 
);
mprims.push_back(mp159);
