resolution_m: 0.025000
numberofangles: 8
totalnumberofprimitives: 32
[ 
[0.0000 0.0000 0.0000]; 
[0.0028 0.0000 0.0000]; 
[0.0056 0.0000 0.0000]; 
[0.0083 0.0000 0.0000]; 
[0.0111 0.0000 0.0000]; 
[0.0139 0.0000 0.0000]; 
[0.0167 0.0000 0.0000]; 
[0.0194 0.0000 0.0000]; 
[0.0222 0.0000 0.0000]; 
[0.0250 0.0000 0.0000]; 
]; 
[ 
[0.0000 0.0000 0.0000]; 
[0.0222 0.0000 0.0000]; 
[0.0444 0.0000 0.0000]; 
[0.0667 0.0000 0.0000]; 
[0.0889 0.0000 0.0000]; 
[0.1111 0.0000 0.0000]; 
[0.1333 0.0000 0.0000]; 
[0.1556 0.0000 0.0000]; 
[0.1778 0.0000 0.0000]; 
[0.2000 0.0000 0.0000]; 
]; 
[ 
[0.0000 0.0000 0.0000]; 
[0.0204 0.0034 0.0825]; 
[0.0405 0.0103 0.1650]; 
[0.0600 0.0207 0.2475]; 
[0.0787 0.0344 0.3299]; 
[0.0963 0.0514 0.4124]; 
[0.1124 0.0716 0.4949]; 
[0.1269 0.0949 0.5774]; 
[0.1395 0.1211 0.6599]; 
[0.1500 0.1500 0.7424]; 
]; 
[ 
[0.0000 0.0000 0.0000]; 
[0.0204 -0.0034 -0.0825]; 
[0.0405 -0.0103 -0.1650]; 
[0.0600 -0.0207 -0.2475]; 
[0.0787 -0.0344 -0.3299]; 
[0.0963 -0.0514 -0.4124]; 
[0.1124 -0.0716 -0.4949]; 
[0.1269 -0.0949 -0.5774]; 
[0.1395 -0.1211 -0.6599]; 
[0.1500 -0.1500 -0.7424]; 
]; 
[ 
[0.0000 0.0000 0.7854]; 
[0.0028 0.0028 0.7854]; 
[0.0056 0.0056 0.7854]; 
[0.0083 0.0083 0.7854]; 
[0.0111 0.0111 0.7854]; 
[0.0139 0.0139 0.7854]; 
[0.0167 0.0167 0.7854]; 
[0.0194 0.0194 0.7854]; 
[0.0222 0.0222 0.7854]; 
[0.0250 0.0250 0.7854]; 
]; 
[ 
[0.0000 0.0000 0.7854]; 
[0.0167 0.0167 0.7854]; 
[0.0333 0.0333 0.7854]; 
[0.0500 0.0500 0.7854]; 
[0.0667 0.0667 0.7854]; 
[0.0833 0.0833 0.7854]; 
[0.1000 0.1000 0.7854]; 
[0.1167 0.1167 0.7854]; 
[0.1333 0.1333 0.7854]; 
[0.1500 0.1500 0.7854]; 
]; 
[ 
[0.0000 0.0000 0.7854]; 
[0.0113 0.0159 0.8679]; 
[0.0201 0.0339 0.9504]; 
[0.0262 0.0538 1.0329]; 
[0.0295 0.0754 1.1153]; 
[0.0299 0.0985 1.1978]; 
[0.0272 0.1227 1.2803]; 
[0.0214 0.1479 1.3628]; 
[0.0123 0.1737 1.4453]; 
[0.0000 0.2000 1.5278]; 
]; 
[ 
[0.0000 0.0000 0.7854]; 
[0.0159 0.0113 0.7029]; 
[0.0339 0.0201 0.6204]; 
[0.0538 0.0262 0.5379]; 
[0.0754 0.0295 0.4555]; 
[0.0985 0.0299 0.3730]; 
[0.1227 0.0272 0.2905]; 
[0.1479 0.0214 0.2080]; 
[0.1737 0.0123 0.1255]; 
[0.2000 0.0000 0.0430]; 
]; 
[ 
[0.0000 0.0000 1.5708]; 
[0.0000 0.0028 1.5708]; 
[0.0000 0.0056 1.5708]; 
[0.0000 0.0083 1.5708]; 
[0.0000 0.0111 1.5708]; 
[0.0000 0.0139 1.5708]; 
[0.0000 0.0167 1.5708]; 
[0.0000 0.0194 1.5708]; 
[0.0000 0.0222 1.5708]; 
[0.0000 0.0250 1.5708]; 
]; 
[ 
[0.0000 0.0000 1.5708]; 
[0.0000 0.0222 1.5708]; 
[0.0000 0.0444 1.5708]; 
[0.0000 0.0667 1.5708]; 
[0.0000 0.0889 1.5708]; 
[0.0000 0.1111 1.5708]; 
[0.0000 0.1333 1.5708]; 
[0.0000 0.1556 1.5708]; 
[0.0000 0.1778 1.5708]; 
[0.0000 0.2000 1.5708]; 
]; 
[ 
[0.0000 0.0000 1.5708]; 
[-0.0034 0.0204 1.6533]; 
[-0.0103 0.0405 1.7358]; 
[-0.0207 0.0600 1.8183]; 
[-0.0344 0.0787 1.9007]; 
[-0.0514 0.0963 1.9832]; 
[-0.0716 0.1124 2.0657]; 
[-0.0949 0.1269 2.1482]; 
[-0.1211 0.1395 2.2307]; 
[-0.1500 0.1500 2.3132]; 
]; 
[ 
[0.0000 0.0000 1.5708]; 
[0.0034 0.0204 1.4883]; 
[0.0103 0.0405 1.4058]; 
[0.0207 0.0600 1.3233]; 
[0.0344 0.0787 1.2409]; 
[0.0514 0.0963 1.1584]; 
[0.0716 0.1124 1.0759]; 
[0.0949 0.1269 0.9934]; 
[0.1211 0.1395 0.9109]; 
[0.1500 0.1500 0.8284]; 
]; 
[ 
[0.0000 0.0000 2.3562]; 
[-0.0028 0.0028 2.3562]; 
[-0.0056 0.0056 2.3562]; 
[-0.0083 0.0083 2.3562]; 
[-0.0111 0.0111 2.3562]; 
[-0.0139 0.0139 2.3562]; 
[-0.0167 0.0167 2.3562]; 
[-0.0194 0.0194 2.3562]; 
[-0.0222 0.0222 2.3562]; 
[-0.0250 0.0250 2.3562]; 
]; 
[ 
[0.0000 0.0000 2.3562]; 
[-0.0167 0.0167 2.3562]; 
[-0.0333 0.0333 2.3562]; 
[-0.0500 0.0500 2.3562]; 
[-0.0667 0.0667 2.3562]; 
[-0.0833 0.0833 2.3562]; 
[-0.1000 0.1000 2.3562]; 
[-0.1167 0.1167 2.3562]; 
[-0.1333 0.1333 2.3562]; 
[-0.1500 0.1500 2.3562]; 
]; 
[ 
[0.0000 0.0000 2.3562]; 
[-0.0159 0.0113 2.4387]; 
[-0.0339 0.0201 2.5212]; 
[-0.0538 0.0262 2.6037]; 
[-0.0754 0.0295 2.6861]; 
[-0.0985 0.0299 2.7686]; 
[-0.1227 0.0272 2.8511]; 
[-0.1479 0.0214 2.9336]; 
[-0.1737 0.0123 3.0161]; 
[-0.2000 0.0000 3.0986]; 
]; 
[ 
[0.0000 0.0000 2.3562]; 
[-0.0113 0.0159 2.2737]; 
[-0.0201 0.0339 2.1912]; 
[-0.0262 0.0538 2.1087]; 
[-0.0295 0.0754 2.0263]; 
[-0.0299 0.0985 1.9438]; 
[-0.0272 0.1227 1.8613]; 
[-0.0214 0.1479 1.7788]; 
[-0.0123 0.1737 1.6963]; 
[0.0000 0.2000 1.6138]; 
]; 
[ 
[0.0000 0.0000 3.1416]; 
[-0.0028 0.0000 3.1416]; 
[-0.0056 0.0000 3.1416]; 
[-0.0083 0.0000 3.1416]; 
[-0.0111 0.0000 3.1416]; 
[-0.0139 0.0000 3.1416]; 
[-0.0167 0.0000 3.1416]; 
[-0.0194 0.0000 3.1416]; 
[-0.0222 0.0000 3.1416]; 
[-0.0250 0.0000 3.1416]; 
]; 
[ 
[0.0000 0.0000 3.1416]; 
[-0.0222 0.0000 3.1416]; 
[-0.0444 0.0000 3.1416]; 
[-0.0667 0.0000 3.1416]; 
[-0.0889 0.0000 3.1416]; 
[-0.1111 0.0000 3.1416]; 
[-0.1333 0.0000 3.1416]; 
[-0.1556 0.0000 3.1416]; 
[-0.1778 0.0000 3.1416]; 
[-0.2000 0.0000 3.1416]; 
]; 
[ 
[0.0000 0.0000 3.1416]; 
[-0.0204 -0.0034 3.2241]; 
[-0.0405 -0.0103 3.3066]; 
[-0.0600 -0.0207 3.3890]; 
[-0.0787 -0.0344 3.4715]; 
[-0.0963 -0.0514 3.5540]; 
[-0.1124 -0.0716 3.6365]; 
[-0.1269 -0.0949 3.7190]; 
[-0.1395 -0.1211 3.8015]; 
[-0.1500 -0.1500 3.8840]; 
]; 
[ 
[0.0000 0.0000 3.1416]; 
[-0.0204 0.0034 3.0591]; 
[-0.0405 0.0103 2.9766]; 
[-0.0600 0.0207 2.8941]; 
[-0.0787 0.0344 2.8117]; 
[-0.0963 0.0514 2.7292]; 
[-0.1124 0.0716 2.6467]; 
[-0.1269 0.0949 2.5642]; 
[-0.1395 0.1211 2.4817]; 
[-0.1500 0.1500 2.3992]; 
]; 
[ 
[0.0000 0.0000 3.9270]; 
[-0.0028 -0.0028 3.9270]; 
[-0.0056 -0.0056 3.9270]; 
[-0.0083 -0.0083 3.9270]; 
[-0.0111 -0.0111 3.9270]; 
[-0.0139 -0.0139 3.9270]; 
[-0.0167 -0.0167 3.9270]; 
[-0.0194 -0.0194 3.9270]; 
[-0.0222 -0.0222 3.9270]; 
[-0.0250 -0.0250 3.9270]; 
]; 
[ 
[0.0000 0.0000 3.9270]; 
[-0.0167 -0.0167 3.9270]; 
[-0.0333 -0.0333 3.9270]; 
[-0.0500 -0.0500 3.9270]; 
[-0.0667 -0.0667 3.9270]; 
[-0.0833 -0.0833 3.9270]; 
[-0.1000 -0.1000 3.9270]; 
[-0.1167 -0.1167 3.9270]; 
[-0.1333 -0.1333 3.9270]; 
[-0.1500 -0.1500 3.9270]; 
]; 
[ 
[0.0000 0.0000 3.9270]; 
[-0.0113 -0.0159 4.0095]; 
[-0.0201 -0.0339 4.0920]; 
[-0.0262 -0.0538 4.1744]; 
[-0.0295 -0.0754 4.2569]; 
[-0.0299 -0.0985 4.3394]; 
[-0.0272 -0.1227 4.4219]; 
[-0.0214 -0.1479 4.5044]; 
[-0.0123 -0.1737 4.5869]; 
[0.0000 -0.2000 4.6694]; 
]; 
[ 
[0.0000 0.0000 3.9270]; 
[-0.0159 -0.0113 3.8445]; 
[-0.0339 -0.0201 3.7620]; 
[-0.0538 -0.0262 3.6795]; 
[-0.0754 -0.0295 3.5970]; 
[-0.0985 -0.0299 3.5146]; 
[-0.1227 -0.0272 3.4321]; 
[-0.1479 -0.0214 3.3496]; 
[-0.1737 -0.0123 3.2671]; 
[-0.2000 0.0000 3.1846]; 
]; 
[ 
[0.0000 0.0000 4.7124]; 
[0.0000 -0.0028 4.7124]; 
[0.0000 -0.0056 4.7124]; 
[0.0000 -0.0083 4.7124]; 
[0.0000 -0.0111 4.7124]; 
[0.0000 -0.0139 4.7124]; 
[0.0000 -0.0167 4.7124]; 
[0.0000 -0.0194 4.7124]; 
[0.0000 -0.0222 4.7124]; 
[0.0000 -0.0250 4.7124]; 
]; 
[ 
[0.0000 0.0000 4.7124]; 
[0.0000 -0.0222 4.7124]; 
[0.0000 -0.0444 4.7124]; 
[0.0000 -0.0667 4.7124]; 
[0.0000 -0.0889 4.7124]; 
[0.0000 -0.1111 4.7124]; 
[0.0000 -0.1333 4.7124]; 
[0.0000 -0.1556 4.7124]; 
[0.0000 -0.1778 4.7124]; 
[0.0000 -0.2000 4.7124]; 
]; 
[ 
[0.0000 0.0000 4.7124]; 
[0.0034 -0.0204 4.7949]; 
[0.0103 -0.0405 4.8774]; 
[0.0207 -0.0600 4.9598]; 
[0.0344 -0.0787 5.0423]; 
[0.0514 -0.0963 5.1248]; 
[0.0716 -0.1124 5.2073]; 
[0.0949 -0.1269 5.2898]; 
[0.1211 -0.1395 5.3723]; 
[0.1500 -0.1500 5.4548]; 
]; 
[ 
[0.0000 0.0000 4.7124]; 
[-0.0034 -0.0204 4.6299]; 
[-0.0103 -0.0405 4.5474]; 
[-0.0207 -0.0600 4.4649]; 
[-0.0344 -0.0787 4.3824]; 
[-0.0514 -0.0963 4.3000]; 
[-0.0716 -0.1124 4.2175]; 
[-0.0949 -0.1269 4.1350]; 
[-0.1211 -0.1395 4.0525]; 
[-0.1500 -0.1500 3.9700]; 
]; 
[ 
[0.0000 0.0000 5.4978]; 
[0.0028 -0.0028 5.4978]; 
[0.0056 -0.0056 5.4978]; 
[0.0083 -0.0083 5.4978]; 
[0.0111 -0.0111 5.4978]; 
[0.0139 -0.0139 5.4978]; 
[0.0167 -0.0167 5.4978]; 
[0.0194 -0.0194 5.4978]; 
[0.0222 -0.0222 5.4978]; 
[0.0250 -0.0250 5.4978]; 
]; 
[ 
[0.0000 0.0000 5.4978]; 
[0.0167 -0.0167 5.4978]; 
[0.0333 -0.0333 5.4978]; 
[0.0500 -0.0500 5.4978]; 
[0.0667 -0.0667 5.4978]; 
[0.0833 -0.0833 5.4978]; 
[0.1000 -0.1000 5.4978]; 
[0.1167 -0.1167 5.4978]; 
[0.1333 -0.1333 5.4978]; 
[0.1500 -0.1500 5.4978]; 
]; 
[ 
[0.0000 0.0000 5.4978]; 
[0.0159 -0.0113 5.5803]; 
[0.0339 -0.0201 5.6628]; 
[0.0538 -0.0262 5.7452]; 
[0.0754 -0.0295 5.8277]; 
[0.0985 -0.0299 5.9102]; 
[0.1227 -0.0272 5.9927]; 
[0.1479 -0.0214 6.0752]; 
[0.1737 -0.0123 6.1577]; 
[0.2000 0.0000 6.2402]; 
]; 
[ 
[0.0000 0.0000 5.4978]; 
[0.0113 -0.0159 5.4153]; 
[0.0201 -0.0339 5.3328]; 
[0.0262 -0.0538 5.2503]; 
[0.0295 -0.0754 5.1678]; 
[0.0299 -0.0985 5.0854]; 
[0.0272 -0.1227 5.0029]; 
[0.0214 -0.1479 4.9204]; 
[0.0123 -0.1737 4.8379]; 
[0.0000 -0.2000 4.7554]; 
]; 
