resolution_m: 0.025000
numberofangles: 8
totalnumberofprimitives: 32
[ 
[0.0000 0.0000 0.0000]; 
[0.0028 0.0000 0.0000]; 
[0.0056 0.0000 0.0000]; 
[0.0083 0.0000 0.0000]; 
[0.0111 0.0000 0.0000]; 
[0.0139 0.0000 0.0000]; 
[0.0167 0.0000 0.0000]; 
[0.0194 0.0000 0.0000]; 
[0.0222 0.0000 0.0000]; 
[0.0250 0.0000 0.0000]; 
]; 
[ 
[0.0000 0.0000 0.0000]; 
[0.0222 0.0000 0.0000]; 
[0.0444 0.0000 0.0000]; 
[0.0667 0.0000 0.0000]; 
[0.0889 0.0000 0.0000]; 
[0.1111 0.0000 0.0000]; 
[0.1333 0.0000 0.0000]; 
[0.1556 0.0000 0.0000]; 
[0.1778 0.0000 0.0000]; 
[0.2000 0.0000 0.0000]; 
]; 
[ 
[0.0000 0.0000 0.0000]; 
[0.0171 0.0132 0.0412]; 
[0.0342 0.0273 0.0825]; 
[0.0513 0.0423 0.1237]; 
[0.0682 0.0581 0.1650]; 
[0.0850 0.0748 0.2062]; 
[0.1016 0.0923 0.2475]; 
[0.1180 0.1107 0.2887]; 
[0.1341 0.1300 0.3299]; 
[0.1500 0.1500 0.3712]; 
]; 
[ 
[0.0000 0.0000 0.0000]; 
[0.0171 -0.0132 -0.0412]; 
[0.0342 -0.0273 -0.0825]; 
[0.0513 -0.0423 -0.1237]; 
[0.0682 -0.0581 -0.1650]; 
[0.0850 -0.0748 -0.2062]; 
[0.1016 -0.0923 -0.2475]; 
[0.1180 -0.1107 -0.2887]; 
[0.1341 -0.1300 -0.3299]; 
[0.1500 -0.1500 -0.3712]; 
]; 
[ 
[0.0000 0.0000 0.7854]; 
[0.0028 0.0028 0.7854]; 
[0.0056 0.0056 0.7854]; 
[0.0083 0.0083 0.7854]; 
[0.0111 0.0111 0.7854]; 
[0.0139 0.0139 0.7854]; 
[0.0167 0.0167 0.7854]; 
[0.0194 0.0194 0.7854]; 
[0.0222 0.0222 0.7854]; 
[0.0250 0.0250 0.7854]; 
]; 
[ 
[0.0000 0.0000 0.7854]; 
[0.0167 0.0167 0.7854]; 
[0.0333 0.0333 0.7854]; 
[0.0500 0.0500 0.7854]; 
[0.0667 0.0667 0.7854]; 
[0.0833 0.0833 0.7854]; 
[0.1000 0.1000 0.7854]; 
[0.1167 0.1167 0.7854]; 
[0.1333 0.1333 0.7854]; 
[0.1500 0.1500 0.7854]; 
]; 
[ 
[0.0000 0.0000 0.7854]; 
[0.0026 0.0202 0.8266]; 
[0.0046 0.0410 0.8679]; 
[0.0060 0.0624 0.9091]; 
[0.0067 0.0842 0.9504]; 
[0.0068 0.1065 0.9916]; 
[0.0062 0.1293 1.0329]; 
[0.0048 0.1525 1.0741]; 
[0.0028 0.1761 1.1153]; 
[0.0000 0.2000 1.1566]; 
]; 
[ 
[0.0000 0.0000 0.7854]; 
[0.0202 0.0026 0.7442]; 
[0.0410 0.0046 0.7029]; 
[0.0624 0.0060 0.6617]; 
[0.0842 0.0067 0.6204]; 
[0.1065 0.0068 0.5792]; 
[0.1293 0.0062 0.5379]; 
[0.1525 0.0048 0.4967]; 
[0.1761 0.0028 0.4555]; 
[0.2000 0.0000 0.4142]; 
]; 
[ 
[0.0000 0.0000 1.5708]; 
[0.0000 0.0028 1.5708]; 
[0.0000 0.0056 1.5708]; 
[0.0000 0.0083 1.5708]; 
[0.0000 0.0111 1.5708]; 
[0.0000 0.0139 1.5708]; 
[0.0000 0.0167 1.5708]; 
[0.0000 0.0194 1.5708]; 
[0.0000 0.0222 1.5708]; 
[0.0000 0.0250 1.5708]; 
]; 
[ 
[0.0000 0.0000 1.5708]; 
[0.0000 0.0222 1.5708]; 
[0.0000 0.0444 1.5708]; 
[0.0000 0.0667 1.5708]; 
[0.0000 0.0889 1.5708]; 
[0.0000 0.1111 1.5708]; 
[0.0000 0.1333 1.5708]; 
[0.0000 0.1556 1.5708]; 
[0.0000 0.1778 1.5708]; 
[0.0000 0.2000 1.5708]; 
]; 
[ 
[0.0000 0.0000 1.5708]; 
[-0.0132 0.0171 1.6120]; 
[-0.0273 0.0342 1.6533]; 
[-0.0423 0.0513 1.6945]; 
[-0.0581 0.0682 1.7358]; 
[-0.0748 0.0850 1.7770]; 
[-0.0923 0.1016 1.8183]; 
[-0.1107 0.1180 1.8595]; 
[-0.1300 0.1341 1.9007]; 
[-0.1500 0.1500 1.9420]; 
]; 
[ 
[0.0000 0.0000 1.5708]; 
[0.0132 0.0171 1.5296]; 
[0.0273 0.0342 1.4883]; 
[0.0423 0.0513 1.4471]; 
[0.0581 0.0682 1.4058]; 
[0.0748 0.0850 1.3646]; 
[0.0923 0.1016 1.3233]; 
[0.1107 0.1180 1.2821]; 
[0.1300 0.1341 1.2409]; 
[0.1500 0.1500 1.1996]; 
]; 
[ 
[0.0000 0.0000 2.3562]; 
[-0.0028 0.0028 2.3562]; 
[-0.0056 0.0056 2.3562]; 
[-0.0083 0.0083 2.3562]; 
[-0.0111 0.0111 2.3562]; 
[-0.0139 0.0139 2.3562]; 
[-0.0167 0.0167 2.3562]; 
[-0.0194 0.0194 2.3562]; 
[-0.0222 0.0222 2.3562]; 
[-0.0250 0.0250 2.3562]; 
]; 
[ 
[0.0000 0.0000 2.3562]; 
[-0.0167 0.0167 2.3562]; 
[-0.0333 0.0333 2.3562]; 
[-0.0500 0.0500 2.3562]; 
[-0.0667 0.0667 2.3562]; 
[-0.0833 0.0833 2.3562]; 
[-0.1000 0.1000 2.3562]; 
[-0.1167 0.1167 2.3562]; 
[-0.1333 0.1333 2.3562]; 
[-0.1500 0.1500 2.3562]; 
]; 
[ 
[0.0000 0.0000 2.3562]; 
[-0.0202 0.0026 2.3974]; 
[-0.0410 0.0046 2.4387]; 
[-0.0624 0.0060 2.4799]; 
[-0.0842 0.0067 2.5212]; 
[-0.1065 0.0068 2.5624]; 
[-0.1293 0.0062 2.6037]; 
[-0.1525 0.0048 2.6449]; 
[-0.1761 0.0028 2.6861]; 
[-0.2000 0.0000 2.7274]; 
]; 
[ 
[0.0000 0.0000 2.3562]; 
[-0.0026 0.0202 2.3150]; 
[-0.0046 0.0410 2.2737]; 
[-0.0060 0.0624 2.2325]; 
[-0.0067 0.0842 2.1912]; 
[-0.0068 0.1065 2.1500]; 
[-0.0062 0.1293 2.1087]; 
[-0.0048 0.1525 2.0675]; 
[-0.0028 0.1761 2.0263]; 
[0.0000 0.2000 1.9850]; 
]; 
[ 
[0.0000 0.0000 3.1416]; 
[-0.0028 0.0000 3.1416]; 
[-0.0056 0.0000 3.1416]; 
[-0.0083 0.0000 3.1416]; 
[-0.0111 0.0000 3.1416]; 
[-0.0139 0.0000 3.1416]; 
[-0.0167 0.0000 3.1416]; 
[-0.0194 0.0000 3.1416]; 
[-0.0222 0.0000 3.1416]; 
[-0.0250 0.0000 3.1416]; 
]; 
[ 
[0.0000 0.0000 3.1416]; 
[-0.0222 0.0000 3.1416]; 
[-0.0444 0.0000 3.1416]; 
[-0.0667 0.0000 3.1416]; 
[-0.0889 0.0000 3.1416]; 
[-0.1111 0.0000 3.1416]; 
[-0.1333 0.0000 3.1416]; 
[-0.1556 0.0000 3.1416]; 
[-0.1778 0.0000 3.1416]; 
[-0.2000 0.0000 3.1416]; 
]; 
[ 
[0.0000 0.0000 3.1416]; 
[-0.0171 -0.0132 3.1828]; 
[-0.0342 -0.0273 3.2241]; 
[-0.0513 -0.0423 3.2653]; 
[-0.0682 -0.0581 3.3066]; 
[-0.0850 -0.0748 3.3478]; 
[-0.1016 -0.0923 3.3890]; 
[-0.1180 -0.1107 3.4303]; 
[-0.1341 -0.1300 3.4715]; 
[-0.1500 -0.1500 3.5128]; 
]; 
[ 
[0.0000 0.0000 3.1416]; 
[-0.0171 0.0132 3.1003]; 
[-0.0342 0.0273 3.0591]; 
[-0.0513 0.0423 3.0179]; 
[-0.0682 0.0581 2.9766]; 
[-0.0850 0.0748 2.9354]; 
[-0.1016 0.0923 2.8941]; 
[-0.1180 0.1107 2.8529]; 
[-0.1341 0.1300 2.8117]; 
[-0.1500 0.1500 2.7704]; 
]; 
[ 
[0.0000 0.0000 3.9270]; 
[-0.0028 -0.0028 3.9270]; 
[-0.0056 -0.0056 3.9270]; 
[-0.0083 -0.0083 3.9270]; 
[-0.0111 -0.0111 3.9270]; 
[-0.0139 -0.0139 3.9270]; 
[-0.0167 -0.0167 3.9270]; 
[-0.0194 -0.0194 3.9270]; 
[-0.0222 -0.0222 3.9270]; 
[-0.0250 -0.0250 3.9270]; 
]; 
[ 
[0.0000 0.0000 3.9270]; 
[-0.0167 -0.0167 3.9270]; 
[-0.0333 -0.0333 3.9270]; 
[-0.0500 -0.0500 3.9270]; 
[-0.0667 -0.0667 3.9270]; 
[-0.0833 -0.0833 3.9270]; 
[-0.1000 -0.1000 3.9270]; 
[-0.1167 -0.1167 3.9270]; 
[-0.1333 -0.1333 3.9270]; 
[-0.1500 -0.1500 3.9270]; 
]; 
[ 
[0.0000 0.0000 3.9270]; 
[-0.0026 -0.0202 3.9682]; 
[-0.0046 -0.0410 4.0095]; 
[-0.0060 -0.0624 4.0507]; 
[-0.0067 -0.0842 4.0920]; 
[-0.0068 -0.1065 4.1332]; 
[-0.0062 -0.1293 4.1744]; 
[-0.0048 -0.1525 4.2157]; 
[-0.0028 -0.1761 4.2569]; 
[0.0000 -0.2000 4.2982]; 
]; 
[ 
[0.0000 0.0000 3.9270]; 
[-0.0202 -0.0026 3.8857]; 
[-0.0410 -0.0046 3.8445]; 
[-0.0624 -0.0060 3.8033]; 
[-0.0842 -0.0067 3.7620]; 
[-0.1065 -0.0068 3.7208]; 
[-0.1293 -0.0062 3.6795]; 
[-0.1525 -0.0048 3.6383]; 
[-0.1761 -0.0028 3.5970]; 
[-0.2000 0.0000 3.5558]; 
]; 
[ 
[0.0000 0.0000 4.7124]; 
[0.0000 -0.0028 4.7124]; 
[0.0000 -0.0056 4.7124]; 
[0.0000 -0.0083 4.7124]; 
[0.0000 -0.0111 4.7124]; 
[0.0000 -0.0139 4.7124]; 
[0.0000 -0.0167 4.7124]; 
[0.0000 -0.0194 4.7124]; 
[0.0000 -0.0222 4.7124]; 
[0.0000 -0.0250 4.7124]; 
]; 
[ 
[0.0000 0.0000 4.7124]; 
[0.0000 -0.0222 4.7124]; 
[0.0000 -0.0444 4.7124]; 
[0.0000 -0.0667 4.7124]; 
[0.0000 -0.0889 4.7124]; 
[0.0000 -0.1111 4.7124]; 
[0.0000 -0.1333 4.7124]; 
[0.0000 -0.1556 4.7124]; 
[0.0000 -0.1778 4.7124]; 
[0.0000 -0.2000 4.7124]; 
]; 
[ 
[0.0000 0.0000 4.7124]; 
[0.0132 -0.0171 4.7536]; 
[0.0273 -0.0342 4.7949]; 
[0.0423 -0.0513 4.8361]; 
[0.0581 -0.0682 4.8774]; 
[0.0748 -0.0850 4.9186]; 
[0.0923 -0.1016 4.9598]; 
[0.1107 -0.1180 5.0011]; 
[0.1300 -0.1341 5.0423]; 
[0.1500 -0.1500 5.0836]; 
]; 
[ 
[0.0000 0.0000 4.7124]; 
[-0.0132 -0.0171 4.6711]; 
[-0.0273 -0.0342 4.6299]; 
[-0.0423 -0.0513 4.5887]; 
[-0.0581 -0.0682 4.5474]; 
[-0.0748 -0.0850 4.5062]; 
[-0.0923 -0.1016 4.4649]; 
[-0.1107 -0.1180 4.4237]; 
[-0.1300 -0.1341 4.3824]; 
[-0.1500 -0.1500 4.3412]; 
]; 
[ 
[0.0000 0.0000 5.4978]; 
[0.0028 -0.0028 5.4978]; 
[0.0056 -0.0056 5.4978]; 
[0.0083 -0.0083 5.4978]; 
[0.0111 -0.0111 5.4978]; 
[0.0139 -0.0139 5.4978]; 
[0.0167 -0.0167 5.4978]; 
[0.0194 -0.0194 5.4978]; 
[0.0222 -0.0222 5.4978]; 
[0.0250 -0.0250 5.4978]; 
]; 
[ 
[0.0000 0.0000 5.4978]; 
[0.0167 -0.0167 5.4978]; 
[0.0333 -0.0333 5.4978]; 
[0.0500 -0.0500 5.4978]; 
[0.0667 -0.0667 5.4978]; 
[0.0833 -0.0833 5.4978]; 
[0.1000 -0.1000 5.4978]; 
[0.1167 -0.1167 5.4978]; 
[0.1333 -0.1333 5.4978]; 
[0.1500 -0.1500 5.4978]; 
]; 
[ 
[0.0000 0.0000 5.4978]; 
[0.0202 -0.0026 5.5390]; 
[0.0410 -0.0046 5.5803]; 
[0.0624 -0.0060 5.6215]; 
[0.0842 -0.0067 5.6628]; 
[0.1065 -0.0068 5.7040]; 
[0.1293 -0.0062 5.7452]; 
[0.1525 -0.0048 5.7865]; 
[0.1761 -0.0028 5.8277]; 
[0.2000 0.0000 5.8690]; 
]; 
[ 
[0.0000 0.0000 5.4978]; 
[0.0026 -0.0202 5.4565]; 
[0.0046 -0.0410 5.4153]; 
[0.0060 -0.0624 5.3741]; 
[0.0067 -0.0842 5.3328]; 
[0.0068 -0.1065 5.2916]; 
[0.0062 -0.1293 5.2503]; 
[0.0048 -0.1525 5.2091]; 
[0.0028 -0.1761 5.1678]; 
[0.0000 -0.2000 5.1266]; 
]; 
