resolution_m: 0.025000
numberofangles: 8
totalnumberofprimitives: 80
[ 
[0.0000 0.0000 0.0000 0.0000]; 
[0.0056 0.0000 0.0000 0.0000]; 
[0.0111 0.0000 0.0000 0.0000]; 
[0.0167 0.0000 0.0000 0.0000]; 
[0.0222 0.0000 0.0000 0.0000]; 
[0.0278 0.0000 0.0000 0.0000]; 
[0.0333 0.0000 0.0000 0.0000]; 
[0.0389 0.0000 0.0000 0.0000]; 
[0.0444 0.0000 0.0000 0.0000]; 
[0.0500 0.0000 0.0000 0.0000]; 
]; 
[ 
[0.0000 0.0000 0.0000 0.0000]; 
[0.0444 0.0000 0.0000 0.0000]; 
[0.0889 0.0000 0.0000 0.0000]; 
[0.1333 0.0000 0.0000 0.0000]; 
[0.1778 0.0000 0.0000 0.0000]; 
[0.2222 0.0000 0.0000 0.0000]; 
[0.2667 0.0000 0.0000 0.0000]; 
[0.3111 0.0000 0.0000 0.0000]; 
[0.3556 0.0000 0.0000 0.0000]; 
[0.4000 0.0000 0.0000 0.0000]; 
]; 
[ 
[0.0000 0.0000 0.0000 0.0000]; 
[0.0408 0.0069 0.0825 0.0000]; 
[0.0810 0.0207 0.1650 0.0000]; 
[0.1201 0.0414 0.2475 0.0000]; 
[0.1574 0.0688 0.3299 0.0000]; 
[0.1925 0.1028 0.4124 0.0000]; 
[0.2249 0.1432 0.4949 0.0000]; 
[0.2539 0.1898 0.5774 0.0000]; 
[0.2791 0.2421 0.6599 0.0000]; 
[0.3000 0.3000 0.7424 0.0000]; 
]; 
[ 
[0.0000 0.0000 0.0000 0.0000]; 
[0.0408 -0.0069 -0.0825 0.0000]; 
[0.0810 -0.0207 -0.1650 0.0000]; 
[0.1201 -0.0414 -0.2475 0.0000]; 
[0.1574 -0.0688 -0.3299 0.0000]; 
[0.1925 -0.1028 -0.4124 0.0000]; 
[0.2249 -0.1432 -0.4949 0.0000]; 
[0.2539 -0.1898 -0.5774 0.0000]; 
[0.2791 -0.2421 -0.6599 0.0000]; 
[0.3000 -0.3000 -0.7424 0.0000]; 
]; 
[ 
[0.0000 0.0000 0.0000 0.0000]; 
[0.0444 0.0000 0.0000 0.0028]; 
[0.0889 0.0000 0.0000 0.0056]; 
[0.1333 0.0000 0.0000 0.0083]; 
[0.1778 0.0000 0.0000 0.0111]; 
[0.2222 0.0000 0.0000 0.0139]; 
[0.2667 0.0000 0.0000 0.0167]; 
[0.3111 0.0000 0.0000 0.0194]; 
[0.3556 0.0000 0.0000 0.0222]; 
[0.4000 0.0000 0.0000 0.0250]; 
]; 
[ 
[0.0000 0.0000 0.0000 0.0000]; 
[0.0408 0.0069 0.0825 0.0028]; 
[0.0810 0.0207 0.1650 0.0056]; 
[0.1201 0.0414 0.2475 0.0083]; 
[0.1574 0.0688 0.3299 0.0111]; 
[0.1925 0.1028 0.4124 0.0139]; 
[0.2249 0.1432 0.4949 0.0167]; 
[0.2539 0.1898 0.5774 0.0194]; 
[0.2791 0.2421 0.6599 0.0222]; 
[0.3000 0.3000 0.7424 0.0250]; 
]; 
[ 
[0.0000 0.0000 0.0000 0.0000]; 
[0.0408 -0.0069 -0.0825 0.0028]; 
[0.0810 -0.0207 -0.1650 0.0056]; 
[0.1201 -0.0414 -0.2475 0.0083]; 
[0.1574 -0.0688 -0.3299 0.0111]; 
[0.1925 -0.1028 -0.4124 0.0139]; 
[0.2249 -0.1432 -0.4949 0.0167]; 
[0.2539 -0.1898 -0.5774 0.0194]; 
[0.2791 -0.2421 -0.6599 0.0222]; 
[0.3000 -0.3000 -0.7424 0.0250]; 
]; 
[ 
[0.0000 0.0000 0.0000 0.0000]; 
[0.0444 0.0000 0.0000 -0.0028]; 
[0.0889 0.0000 0.0000 -0.0056]; 
[0.1333 0.0000 0.0000 -0.0083]; 
[0.1778 0.0000 0.0000 -0.0111]; 
[0.2222 0.0000 0.0000 -0.0139]; 
[0.2667 0.0000 0.0000 -0.0167]; 
[0.3111 0.0000 0.0000 -0.0194]; 
[0.3556 0.0000 0.0000 -0.0222]; 
[0.4000 0.0000 0.0000 -0.0250]; 
]; 
[ 
[0.0000 0.0000 0.0000 0.0000]; 
[0.0408 0.0069 0.0825 -0.0028]; 
[0.0810 0.0207 0.1650 -0.0056]; 
[0.1201 0.0414 0.2475 -0.0083]; 
[0.1574 0.0688 0.3299 -0.0111]; 
[0.1925 0.1028 0.4124 -0.0139]; 
[0.2249 0.1432 0.4949 -0.0167]; 
[0.2539 0.1898 0.5774 -0.0194]; 
[0.2791 0.2421 0.6599 -0.0222]; 
[0.3000 0.3000 0.7424 -0.0250]; 
]; 
[ 
[0.0000 0.0000 0.0000 0.0000]; 
[0.0408 -0.0069 -0.0825 -0.0028]; 
[0.0810 -0.0207 -0.1650 -0.0056]; 
[0.1201 -0.0414 -0.2475 -0.0083]; 
[0.1574 -0.0688 -0.3299 -0.0111]; 
[0.1925 -0.1028 -0.4124 -0.0139]; 
[0.2249 -0.1432 -0.4949 -0.0167]; 
[0.2539 -0.1898 -0.5774 -0.0194]; 
[0.2791 -0.2421 -0.6599 -0.0222]; 
[0.3000 -0.3000 -0.7424 -0.0250]; 
]; 
[ 
[0.0000 0.0000 0.7854 0.0000]; 
[0.0056 0.0056 0.7854 0.0000]; 
[0.0111 0.0111 0.7854 0.0000]; 
[0.0167 0.0167 0.7854 0.0000]; 
[0.0222 0.0222 0.7854 0.0000]; 
[0.0278 0.0278 0.7854 0.0000]; 
[0.0333 0.0333 0.7854 0.0000]; 
[0.0389 0.0389 0.7854 0.0000]; 
[0.0444 0.0444 0.7854 0.0000]; 
[0.0500 0.0500 0.7854 0.0000]; 
]; 
[ 
[0.0000 0.0000 0.7854 0.0000]; 
[0.0333 0.0333 0.7854 0.0000]; 
[0.0667 0.0667 0.7854 0.0000]; 
[0.1000 0.1000 0.7854 0.0000]; 
[0.1333 0.1333 0.7854 0.0000]; 
[0.1667 0.1667 0.7854 0.0000]; 
[0.2000 0.2000 0.7854 0.0000]; 
[0.2333 0.2333 0.7854 0.0000]; 
[0.2667 0.2667 0.7854 0.0000]; 
[0.3000 0.3000 0.7854 0.0000]; 
]; 
[ 
[0.0000 0.0000 0.7854 0.0000]; 
[0.0226 0.0318 0.8679 0.0000]; 
[0.0402 0.0678 0.9504 0.0000]; 
[0.0525 0.1076 1.0329 0.0000]; 
[0.0591 0.1508 1.1153 0.0000]; 
[0.0598 0.1969 1.1978 0.0000]; 
[0.0544 0.2454 1.2803 0.0000]; 
[0.0427 0.2957 1.3628 0.0000]; 
[0.0246 0.3475 1.4453 0.0000]; 
[0.0000 0.4000 1.5278 0.0000]; 
]; 
[ 
[0.0000 0.0000 0.7854 0.0000]; 
[0.0318 0.0226 0.7029 0.0000]; 
[0.0678 0.0402 0.6204 0.0000]; 
[0.1076 0.0525 0.5379 0.0000]; 
[0.1508 0.0591 0.4555 0.0000]; 
[0.1969 0.0598 0.3730 0.0000]; 
[0.2454 0.0544 0.2905 0.0000]; 
[0.2957 0.0427 0.2080 0.0000]; 
[0.3475 0.0246 0.1255 0.0000]; 
[0.4000 0.0000 0.0430 0.0000]; 
]; 
[ 
[0.0000 0.0000 0.7854 0.0000]; 
[0.0333 0.0333 0.7854 0.0028]; 
[0.0667 0.0667 0.7854 0.0056]; 
[0.1000 0.1000 0.7854 0.0083]; 
[0.1333 0.1333 0.7854 0.0111]; 
[0.1667 0.1667 0.7854 0.0139]; 
[0.2000 0.2000 0.7854 0.0167]; 
[0.2333 0.2333 0.7854 0.0194]; 
[0.2667 0.2667 0.7854 0.0222]; 
[0.3000 0.3000 0.7854 0.0250]; 
]; 
[ 
[0.0000 0.0000 0.7854 0.0000]; 
[0.0226 0.0318 0.8679 0.0028]; 
[0.0402 0.0678 0.9504 0.0056]; 
[0.0525 0.1076 1.0329 0.0083]; 
[0.0591 0.1508 1.1153 0.0111]; 
[0.0598 0.1969 1.1978 0.0139]; 
[0.0544 0.2454 1.2803 0.0167]; 
[0.0427 0.2957 1.3628 0.0194]; 
[0.0246 0.3475 1.4453 0.0222]; 
[0.0000 0.4000 1.5278 0.0250]; 
]; 
[ 
[0.0000 0.0000 0.7854 0.0000]; 
[0.0318 0.0226 0.7029 0.0028]; 
[0.0678 0.0402 0.6204 0.0056]; 
[0.1076 0.0525 0.5379 0.0083]; 
[0.1508 0.0591 0.4555 0.0111]; 
[0.1969 0.0598 0.3730 0.0139]; 
[0.2454 0.0544 0.2905 0.0167]; 
[0.2957 0.0427 0.2080 0.0194]; 
[0.3475 0.0246 0.1255 0.0222]; 
[0.4000 0.0000 0.0430 0.0250]; 
]; 
[ 
[0.0000 0.0000 0.7854 0.0000]; 
[0.0333 0.0333 0.7854 -0.0028]; 
[0.0667 0.0667 0.7854 -0.0056]; 
[0.1000 0.1000 0.7854 -0.0083]; 
[0.1333 0.1333 0.7854 -0.0111]; 
[0.1667 0.1667 0.7854 -0.0139]; 
[0.2000 0.2000 0.7854 -0.0167]; 
[0.2333 0.2333 0.7854 -0.0194]; 
[0.2667 0.2667 0.7854 -0.0222]; 
[0.3000 0.3000 0.7854 -0.0250]; 
]; 
[ 
[0.0000 0.0000 0.7854 0.0000]; 
[0.0226 0.0318 0.8679 -0.0028]; 
[0.0402 0.0678 0.9504 -0.0056]; 
[0.0525 0.1076 1.0329 -0.0083]; 
[0.0591 0.1508 1.1153 -0.0111]; 
[0.0598 0.1969 1.1978 -0.0139]; 
[0.0544 0.2454 1.2803 -0.0167]; 
[0.0427 0.2957 1.3628 -0.0194]; 
[0.0246 0.3475 1.4453 -0.0222]; 
[0.0000 0.4000 1.5278 -0.0250]; 
]; 
[ 
[0.0000 0.0000 0.7854 0.0000]; 
[0.0318 0.0226 0.7029 -0.0028]; 
[0.0678 0.0402 0.6204 -0.0056]; 
[0.1076 0.0525 0.5379 -0.0083]; 
[0.1508 0.0591 0.4555 -0.0111]; 
[0.1969 0.0598 0.3730 -0.0139]; 
[0.2454 0.0544 0.2905 -0.0167]; 
[0.2957 0.0427 0.2080 -0.0194]; 
[0.3475 0.0246 0.1255 -0.0222]; 
[0.4000 0.0000 0.0430 -0.0250]; 
]; 
[ 
[0.0000 0.0000 1.5708 0.0000]; 
[0.0000 0.0056 1.5708 0.0000]; 
[0.0000 0.0111 1.5708 0.0000]; 
[0.0000 0.0167 1.5708 0.0000]; 
[0.0000 0.0222 1.5708 0.0000]; 
[0.0000 0.0278 1.5708 0.0000]; 
[0.0000 0.0333 1.5708 0.0000]; 
[0.0000 0.0389 1.5708 0.0000]; 
[0.0000 0.0444 1.5708 0.0000]; 
[0.0000 0.0500 1.5708 0.0000]; 
]; 
[ 
[0.0000 0.0000 1.5708 0.0000]; 
[0.0000 0.0444 1.5708 0.0000]; 
[0.0000 0.0889 1.5708 0.0000]; 
[0.0000 0.1333 1.5708 0.0000]; 
[0.0000 0.1778 1.5708 0.0000]; 
[0.0000 0.2222 1.5708 0.0000]; 
[0.0000 0.2667 1.5708 0.0000]; 
[0.0000 0.3111 1.5708 0.0000]; 
[0.0000 0.3556 1.5708 0.0000]; 
[0.0000 0.4000 1.5708 0.0000]; 
]; 
[ 
[0.0000 0.0000 1.5708 0.0000]; 
[-0.0069 0.0408 1.6533 0.0000]; 
[-0.0207 0.0810 1.7358 0.0000]; 
[-0.0414 0.1201 1.8183 0.0000]; 
[-0.0688 0.1574 1.9007 0.0000]; 
[-0.1028 0.1925 1.9832 0.0000]; 
[-0.1432 0.2249 2.0657 0.0000]; 
[-0.1898 0.2539 2.1482 0.0000]; 
[-0.2421 0.2791 2.2307 0.0000]; 
[-0.3000 0.3000 2.3132 0.0000]; 
]; 
[ 
[0.0000 0.0000 1.5708 0.0000]; 
[0.0069 0.0408 1.4883 0.0000]; 
[0.0207 0.0810 1.4058 0.0000]; 
[0.0414 0.1201 1.3233 0.0000]; 
[0.0688 0.1574 1.2409 0.0000]; 
[0.1028 0.1925 1.1584 0.0000]; 
[0.1432 0.2249 1.0759 0.0000]; 
[0.1898 0.2539 0.9934 0.0000]; 
[0.2421 0.2791 0.9109 0.0000]; 
[0.3000 0.3000 0.8284 0.0000]; 
]; 
[ 
[0.0000 0.0000 1.5708 0.0000]; 
[0.0000 0.0444 1.5708 0.0028]; 
[0.0000 0.0889 1.5708 0.0056]; 
[0.0000 0.1333 1.5708 0.0083]; 
[0.0000 0.1778 1.5708 0.0111]; 
[0.0000 0.2222 1.5708 0.0139]; 
[0.0000 0.2667 1.5708 0.0167]; 
[0.0000 0.3111 1.5708 0.0194]; 
[0.0000 0.3556 1.5708 0.0222]; 
[0.0000 0.4000 1.5708 0.0250]; 
]; 
[ 
[0.0000 0.0000 1.5708 0.0000]; 
[-0.0069 0.0408 1.6533 0.0028]; 
[-0.0207 0.0810 1.7358 0.0056]; 
[-0.0414 0.1201 1.8183 0.0083]; 
[-0.0688 0.1574 1.9007 0.0111]; 
[-0.1028 0.1925 1.9832 0.0139]; 
[-0.1432 0.2249 2.0657 0.0167]; 
[-0.1898 0.2539 2.1482 0.0194]; 
[-0.2421 0.2791 2.2307 0.0222]; 
[-0.3000 0.3000 2.3132 0.0250]; 
]; 
[ 
[0.0000 0.0000 1.5708 0.0000]; 
[0.0069 0.0408 1.4883 0.0028]; 
[0.0207 0.0810 1.4058 0.0056]; 
[0.0414 0.1201 1.3233 0.0083]; 
[0.0688 0.1574 1.2409 0.0111]; 
[0.1028 0.1925 1.1584 0.0139]; 
[0.1432 0.2249 1.0759 0.0167]; 
[0.1898 0.2539 0.9934 0.0194]; 
[0.2421 0.2791 0.9109 0.0222]; 
[0.3000 0.3000 0.8284 0.0250]; 
]; 
[ 
[0.0000 0.0000 1.5708 0.0000]; 
[0.0000 0.0444 1.5708 -0.0028]; 
[0.0000 0.0889 1.5708 -0.0056]; 
[0.0000 0.1333 1.5708 -0.0083]; 
[0.0000 0.1778 1.5708 -0.0111]; 
[0.0000 0.2222 1.5708 -0.0139]; 
[0.0000 0.2667 1.5708 -0.0167]; 
[0.0000 0.3111 1.5708 -0.0194]; 
[0.0000 0.3556 1.5708 -0.0222]; 
[0.0000 0.4000 1.5708 -0.0250]; 
]; 
[ 
[0.0000 0.0000 1.5708 0.0000]; 
[-0.0069 0.0408 1.6533 -0.0028]; 
[-0.0207 0.0810 1.7358 -0.0056]; 
[-0.0414 0.1201 1.8183 -0.0083]; 
[-0.0688 0.1574 1.9007 -0.0111]; 
[-0.1028 0.1925 1.9832 -0.0139]; 
[-0.1432 0.2249 2.0657 -0.0167]; 
[-0.1898 0.2539 2.1482 -0.0194]; 
[-0.2421 0.2791 2.2307 -0.0222]; 
[-0.3000 0.3000 2.3132 -0.0250]; 
]; 
[ 
[0.0000 0.0000 1.5708 0.0000]; 
[0.0069 0.0408 1.4883 -0.0028]; 
[0.0207 0.0810 1.4058 -0.0056]; 
[0.0414 0.1201 1.3233 -0.0083]; 
[0.0688 0.1574 1.2409 -0.0111]; 
[0.1028 0.1925 1.1584 -0.0139]; 
[0.1432 0.2249 1.0759 -0.0167]; 
[0.1898 0.2539 0.9934 -0.0194]; 
[0.2421 0.2791 0.9109 -0.0222]; 
[0.3000 0.3000 0.8284 -0.0250]; 
]; 
[ 
[0.0000 0.0000 2.3562 0.0000]; 
[-0.0056 0.0056 2.3562 0.0000]; 
[-0.0111 0.0111 2.3562 0.0000]; 
[-0.0167 0.0167 2.3562 0.0000]; 
[-0.0222 0.0222 2.3562 0.0000]; 
[-0.0278 0.0278 2.3562 0.0000]; 
[-0.0333 0.0333 2.3562 0.0000]; 
[-0.0389 0.0389 2.3562 0.0000]; 
[-0.0444 0.0444 2.3562 0.0000]; 
[-0.0500 0.0500 2.3562 0.0000]; 
]; 
[ 
[0.0000 0.0000 2.3562 0.0000]; 
[-0.0333 0.0333 2.3562 0.0000]; 
[-0.0667 0.0667 2.3562 0.0000]; 
[-0.1000 0.1000 2.3562 0.0000]; 
[-0.1333 0.1333 2.3562 0.0000]; 
[-0.1667 0.1667 2.3562 0.0000]; 
[-0.2000 0.2000 2.3562 0.0000]; 
[-0.2333 0.2333 2.3562 0.0000]; 
[-0.2667 0.2667 2.3562 0.0000]; 
[-0.3000 0.3000 2.3562 0.0000]; 
]; 
[ 
[0.0000 0.0000 2.3562 0.0000]; 
[-0.0318 0.0226 2.4387 0.0000]; 
[-0.0678 0.0402 2.5212 0.0000]; 
[-0.1076 0.0525 2.6037 0.0000]; 
[-0.1508 0.0591 2.6861 0.0000]; 
[-0.1969 0.0598 2.7686 0.0000]; 
[-0.2454 0.0544 2.8511 0.0000]; 
[-0.2957 0.0427 2.9336 0.0000]; 
[-0.3475 0.0246 3.0161 0.0000]; 
[-0.4000 0.0000 3.0986 0.0000]; 
]; 
[ 
[0.0000 0.0000 2.3562 0.0000]; 
[-0.0226 0.0318 2.2737 0.0000]; 
[-0.0402 0.0678 2.1912 0.0000]; 
[-0.0525 0.1076 2.1087 0.0000]; 
[-0.0591 0.1508 2.0263 0.0000]; 
[-0.0598 0.1969 1.9438 0.0000]; 
[-0.0544 0.2454 1.8613 0.0000]; 
[-0.0427 0.2957 1.7788 0.0000]; 
[-0.0246 0.3475 1.6963 0.0000]; 
[0.0000 0.4000 1.6138 0.0000]; 
]; 
[ 
[0.0000 0.0000 2.3562 0.0000]; 
[-0.0333 0.0333 2.3562 0.0028]; 
[-0.0667 0.0667 2.3562 0.0056]; 
[-0.1000 0.1000 2.3562 0.0083]; 
[-0.1333 0.1333 2.3562 0.0111]; 
[-0.1667 0.1667 2.3562 0.0139]; 
[-0.2000 0.2000 2.3562 0.0167]; 
[-0.2333 0.2333 2.3562 0.0194]; 
[-0.2667 0.2667 2.3562 0.0222]; 
[-0.3000 0.3000 2.3562 0.0250]; 
]; 
[ 
[0.0000 0.0000 2.3562 0.0000]; 
[-0.0318 0.0226 2.4387 0.0028]; 
[-0.0678 0.0402 2.5212 0.0056]; 
[-0.1076 0.0525 2.6037 0.0083]; 
[-0.1508 0.0591 2.6861 0.0111]; 
[-0.1969 0.0598 2.7686 0.0139]; 
[-0.2454 0.0544 2.8511 0.0167]; 
[-0.2957 0.0427 2.9336 0.0194]; 
[-0.3475 0.0246 3.0161 0.0222]; 
[-0.4000 0.0000 3.0986 0.0250]; 
]; 
[ 
[0.0000 0.0000 2.3562 0.0000]; 
[-0.0226 0.0318 2.2737 0.0028]; 
[-0.0402 0.0678 2.1912 0.0056]; 
[-0.0525 0.1076 2.1087 0.0083]; 
[-0.0591 0.1508 2.0263 0.0111]; 
[-0.0598 0.1969 1.9438 0.0139]; 
[-0.0544 0.2454 1.8613 0.0167]; 
[-0.0427 0.2957 1.7788 0.0194]; 
[-0.0246 0.3475 1.6963 0.0222]; 
[0.0000 0.4000 1.6138 0.0250]; 
]; 
[ 
[0.0000 0.0000 2.3562 0.0000]; 
[-0.0333 0.0333 2.3562 -0.0028]; 
[-0.0667 0.0667 2.3562 -0.0056]; 
[-0.1000 0.1000 2.3562 -0.0083]; 
[-0.1333 0.1333 2.3562 -0.0111]; 
[-0.1667 0.1667 2.3562 -0.0139]; 
[-0.2000 0.2000 2.3562 -0.0167]; 
[-0.2333 0.2333 2.3562 -0.0194]; 
[-0.2667 0.2667 2.3562 -0.0222]; 
[-0.3000 0.3000 2.3562 -0.0250]; 
]; 
[ 
[0.0000 0.0000 2.3562 0.0000]; 
[-0.0318 0.0226 2.4387 -0.0028]; 
[-0.0678 0.0402 2.5212 -0.0056]; 
[-0.1076 0.0525 2.6037 -0.0083]; 
[-0.1508 0.0591 2.6861 -0.0111]; 
[-0.1969 0.0598 2.7686 -0.0139]; 
[-0.2454 0.0544 2.8511 -0.0167]; 
[-0.2957 0.0427 2.9336 -0.0194]; 
[-0.3475 0.0246 3.0161 -0.0222]; 
[-0.4000 0.0000 3.0986 -0.0250]; 
]; 
[ 
[0.0000 0.0000 2.3562 0.0000]; 
[-0.0226 0.0318 2.2737 -0.0028]; 
[-0.0402 0.0678 2.1912 -0.0056]; 
[-0.0525 0.1076 2.1087 -0.0083]; 
[-0.0591 0.1508 2.0263 -0.0111]; 
[-0.0598 0.1969 1.9438 -0.0139]; 
[-0.0544 0.2454 1.8613 -0.0167]; 
[-0.0427 0.2957 1.7788 -0.0194]; 
[-0.0246 0.3475 1.6963 -0.0222]; 
[0.0000 0.4000 1.6138 -0.0250]; 
]; 
[ 
[0.0000 0.0000 3.1416 0.0000]; 
[-0.0056 0.0000 3.1416 0.0000]; 
[-0.0111 0.0000 3.1416 0.0000]; 
[-0.0167 0.0000 3.1416 0.0000]; 
[-0.0222 0.0000 3.1416 0.0000]; 
[-0.0278 0.0000 3.1416 0.0000]; 
[-0.0333 0.0000 3.1416 0.0000]; 
[-0.0389 0.0000 3.1416 0.0000]; 
[-0.0444 0.0000 3.1416 0.0000]; 
[-0.0500 0.0000 3.1416 0.0000]; 
]; 
[ 
[0.0000 0.0000 3.1416 0.0000]; 
[-0.0444 0.0000 3.1416 0.0000]; 
[-0.0889 0.0000 3.1416 0.0000]; 
[-0.1333 0.0000 3.1416 0.0000]; 
[-0.1778 0.0000 3.1416 0.0000]; 
[-0.2222 0.0000 3.1416 0.0000]; 
[-0.2667 0.0000 3.1416 0.0000]; 
[-0.3111 0.0000 3.1416 0.0000]; 
[-0.3556 0.0000 3.1416 0.0000]; 
[-0.4000 0.0000 3.1416 0.0000]; 
]; 
[ 
[0.0000 0.0000 3.1416 0.0000]; 
[-0.0408 -0.0069 3.2241 0.0000]; 
[-0.0810 -0.0207 3.3066 0.0000]; 
[-0.1201 -0.0414 3.3890 0.0000]; 
[-0.1574 -0.0688 3.4715 0.0000]; 
[-0.1925 -0.1028 3.5540 0.0000]; 
[-0.2249 -0.1432 3.6365 0.0000]; 
[-0.2539 -0.1898 3.7190 0.0000]; 
[-0.2791 -0.2421 3.8015 0.0000]; 
[-0.3000 -0.3000 3.8840 0.0000]; 
]; 
[ 
[0.0000 0.0000 3.1416 0.0000]; 
[-0.0408 0.0069 3.0591 0.0000]; 
[-0.0810 0.0207 2.9766 0.0000]; 
[-0.1201 0.0414 2.8941 0.0000]; 
[-0.1574 0.0688 2.8117 0.0000]; 
[-0.1925 0.1028 2.7292 0.0000]; 
[-0.2249 0.1432 2.6467 0.0000]; 
[-0.2539 0.1898 2.5642 0.0000]; 
[-0.2791 0.2421 2.4817 0.0000]; 
[-0.3000 0.3000 2.3992 0.0000]; 
]; 
[ 
[0.0000 0.0000 3.1416 0.0000]; 
[-0.0444 0.0000 3.1416 0.0028]; 
[-0.0889 0.0000 3.1416 0.0056]; 
[-0.1333 0.0000 3.1416 0.0083]; 
[-0.1778 0.0000 3.1416 0.0111]; 
[-0.2222 0.0000 3.1416 0.0139]; 
[-0.2667 0.0000 3.1416 0.0167]; 
[-0.3111 0.0000 3.1416 0.0194]; 
[-0.3556 0.0000 3.1416 0.0222]; 
[-0.4000 0.0000 3.1416 0.0250]; 
]; 
[ 
[0.0000 0.0000 3.1416 0.0000]; 
[-0.0408 -0.0069 3.2241 0.0028]; 
[-0.0810 -0.0207 3.3066 0.0056]; 
[-0.1201 -0.0414 3.3890 0.0083]; 
[-0.1574 -0.0688 3.4715 0.0111]; 
[-0.1925 -0.1028 3.5540 0.0139]; 
[-0.2249 -0.1432 3.6365 0.0167]; 
[-0.2539 -0.1898 3.7190 0.0194]; 
[-0.2791 -0.2421 3.8015 0.0222]; 
[-0.3000 -0.3000 3.8840 0.0250]; 
]; 
[ 
[0.0000 0.0000 3.1416 0.0000]; 
[-0.0408 0.0069 3.0591 0.0028]; 
[-0.0810 0.0207 2.9766 0.0056]; 
[-0.1201 0.0414 2.8941 0.0083]; 
[-0.1574 0.0688 2.8117 0.0111]; 
[-0.1925 0.1028 2.7292 0.0139]; 
[-0.2249 0.1432 2.6467 0.0167]; 
[-0.2539 0.1898 2.5642 0.0194]; 
[-0.2791 0.2421 2.4817 0.0222]; 
[-0.3000 0.3000 2.3992 0.0250]; 
]; 
[ 
[0.0000 0.0000 3.1416 0.0000]; 
[-0.0444 0.0000 3.1416 -0.0028]; 
[-0.0889 0.0000 3.1416 -0.0056]; 
[-0.1333 0.0000 3.1416 -0.0083]; 
[-0.1778 0.0000 3.1416 -0.0111]; 
[-0.2222 0.0000 3.1416 -0.0139]; 
[-0.2667 0.0000 3.1416 -0.0167]; 
[-0.3111 0.0000 3.1416 -0.0194]; 
[-0.3556 0.0000 3.1416 -0.0222]; 
[-0.4000 0.0000 3.1416 -0.0250]; 
]; 
[ 
[0.0000 0.0000 3.1416 0.0000]; 
[-0.0408 -0.0069 3.2241 -0.0028]; 
[-0.0810 -0.0207 3.3066 -0.0056]; 
[-0.1201 -0.0414 3.3890 -0.0083]; 
[-0.1574 -0.0688 3.4715 -0.0111]; 
[-0.1925 -0.1028 3.5540 -0.0139]; 
[-0.2249 -0.1432 3.6365 -0.0167]; 
[-0.2539 -0.1898 3.7190 -0.0194]; 
[-0.2791 -0.2421 3.8015 -0.0222]; 
[-0.3000 -0.3000 3.8840 -0.0250]; 
]; 
[ 
[0.0000 0.0000 3.1416 0.0000]; 
[-0.0408 0.0069 3.0591 -0.0028]; 
[-0.0810 0.0207 2.9766 -0.0056]; 
[-0.1201 0.0414 2.8941 -0.0083]; 
[-0.1574 0.0688 2.8117 -0.0111]; 
[-0.1925 0.1028 2.7292 -0.0139]; 
[-0.2249 0.1432 2.6467 -0.0167]; 
[-0.2539 0.1898 2.5642 -0.0194]; 
[-0.2791 0.2421 2.4817 -0.0222]; 
[-0.3000 0.3000 2.3992 -0.0250]; 
]; 
[ 
[0.0000 0.0000 3.9270 0.0000]; 
[-0.0056 -0.0056 3.9270 0.0000]; 
[-0.0111 -0.0111 3.9270 0.0000]; 
[-0.0167 -0.0167 3.9270 0.0000]; 
[-0.0222 -0.0222 3.9270 0.0000]; 
[-0.0278 -0.0278 3.9270 0.0000]; 
[-0.0333 -0.0333 3.9270 0.0000]; 
[-0.0389 -0.0389 3.9270 0.0000]; 
[-0.0444 -0.0444 3.9270 0.0000]; 
[-0.0500 -0.0500 3.9270 0.0000]; 
]; 
[ 
[0.0000 0.0000 3.9270 0.0000]; 
[-0.0333 -0.0333 3.9270 0.0000]; 
[-0.0667 -0.0667 3.9270 0.0000]; 
[-0.1000 -0.1000 3.9270 0.0000]; 
[-0.1333 -0.1333 3.9270 0.0000]; 
[-0.1667 -0.1667 3.9270 0.0000]; 
[-0.2000 -0.2000 3.9270 0.0000]; 
[-0.2333 -0.2333 3.9270 0.0000]; 
[-0.2667 -0.2667 3.9270 0.0000]; 
[-0.3000 -0.3000 3.9270 0.0000]; 
]; 
[ 
[0.0000 0.0000 3.9270 0.0000]; 
[-0.0226 -0.0318 4.0095 0.0000]; 
[-0.0402 -0.0678 4.0920 0.0000]; 
[-0.0525 -0.1076 4.1744 0.0000]; 
[-0.0591 -0.1508 4.2569 0.0000]; 
[-0.0598 -0.1969 4.3394 0.0000]; 
[-0.0544 -0.2454 4.4219 0.0000]; 
[-0.0427 -0.2957 4.5044 0.0000]; 
[-0.0246 -0.3475 4.5869 0.0000]; 
[0.0000 -0.4000 4.6694 0.0000]; 
]; 
[ 
[0.0000 0.0000 3.9270 0.0000]; 
[-0.0318 -0.0226 3.8445 0.0000]; 
[-0.0678 -0.0402 3.7620 0.0000]; 
[-0.1076 -0.0525 3.6795 0.0000]; 
[-0.1508 -0.0591 3.5970 0.0000]; 
[-0.1969 -0.0598 3.5146 0.0000]; 
[-0.2454 -0.0544 3.4321 0.0000]; 
[-0.2957 -0.0427 3.3496 0.0000]; 
[-0.3475 -0.0246 3.2671 0.0000]; 
[-0.4000 0.0000 3.1846 0.0000]; 
]; 
[ 
[0.0000 0.0000 3.9270 0.0000]; 
[-0.0333 -0.0333 3.9270 0.0028]; 
[-0.0667 -0.0667 3.9270 0.0056]; 
[-0.1000 -0.1000 3.9270 0.0083]; 
[-0.1333 -0.1333 3.9270 0.0111]; 
[-0.1667 -0.1667 3.9270 0.0139]; 
[-0.2000 -0.2000 3.9270 0.0167]; 
[-0.2333 -0.2333 3.9270 0.0194]; 
[-0.2667 -0.2667 3.9270 0.0222]; 
[-0.3000 -0.3000 3.9270 0.0250]; 
]; 
[ 
[0.0000 0.0000 3.9270 0.0000]; 
[-0.0226 -0.0318 4.0095 0.0028]; 
[-0.0402 -0.0678 4.0920 0.0056]; 
[-0.0525 -0.1076 4.1744 0.0083]; 
[-0.0591 -0.1508 4.2569 0.0111]; 
[-0.0598 -0.1969 4.3394 0.0139]; 
[-0.0544 -0.2454 4.4219 0.0167]; 
[-0.0427 -0.2957 4.5044 0.0194]; 
[-0.0246 -0.3475 4.5869 0.0222]; 
[0.0000 -0.4000 4.6694 0.0250]; 
]; 
[ 
[0.0000 0.0000 3.9270 0.0000]; 
[-0.0318 -0.0226 3.8445 0.0028]; 
[-0.0678 -0.0402 3.7620 0.0056]; 
[-0.1076 -0.0525 3.6795 0.0083]; 
[-0.1508 -0.0591 3.5970 0.0111]; 
[-0.1969 -0.0598 3.5146 0.0139]; 
[-0.2454 -0.0544 3.4321 0.0167]; 
[-0.2957 -0.0427 3.3496 0.0194]; 
[-0.3475 -0.0246 3.2671 0.0222]; 
[-0.4000 0.0000 3.1846 0.0250]; 
]; 
[ 
[0.0000 0.0000 3.9270 0.0000]; 
[-0.0333 -0.0333 3.9270 -0.0028]; 
[-0.0667 -0.0667 3.9270 -0.0056]; 
[-0.1000 -0.1000 3.9270 -0.0083]; 
[-0.1333 -0.1333 3.9270 -0.0111]; 
[-0.1667 -0.1667 3.9270 -0.0139]; 
[-0.2000 -0.2000 3.9270 -0.0167]; 
[-0.2333 -0.2333 3.9270 -0.0194]; 
[-0.2667 -0.2667 3.9270 -0.0222]; 
[-0.3000 -0.3000 3.9270 -0.0250]; 
]; 
[ 
[0.0000 0.0000 3.9270 0.0000]; 
[-0.0226 -0.0318 4.0095 -0.0028]; 
[-0.0402 -0.0678 4.0920 -0.0056]; 
[-0.0525 -0.1076 4.1744 -0.0083]; 
[-0.0591 -0.1508 4.2569 -0.0111]; 
[-0.0598 -0.1969 4.3394 -0.0139]; 
[-0.0544 -0.2454 4.4219 -0.0167]; 
[-0.0427 -0.2957 4.5044 -0.0194]; 
[-0.0246 -0.3475 4.5869 -0.0222]; 
[0.0000 -0.4000 4.6694 -0.0250]; 
]; 
[ 
[0.0000 0.0000 3.9270 0.0000]; 
[-0.0318 -0.0226 3.8445 -0.0028]; 
[-0.0678 -0.0402 3.7620 -0.0056]; 
[-0.1076 -0.0525 3.6795 -0.0083]; 
[-0.1508 -0.0591 3.5970 -0.0111]; 
[-0.1969 -0.0598 3.5146 -0.0139]; 
[-0.2454 -0.0544 3.4321 -0.0167]; 
[-0.2957 -0.0427 3.3496 -0.0194]; 
[-0.3475 -0.0246 3.2671 -0.0222]; 
[-0.4000 0.0000 3.1846 -0.0250]; 
]; 
[ 
[0.0000 0.0000 4.7124 0.0000]; 
[0.0000 -0.0056 4.7124 0.0000]; 
[0.0000 -0.0111 4.7124 0.0000]; 
[0.0000 -0.0167 4.7124 0.0000]; 
[0.0000 -0.0222 4.7124 0.0000]; 
[0.0000 -0.0278 4.7124 0.0000]; 
[0.0000 -0.0333 4.7124 0.0000]; 
[0.0000 -0.0389 4.7124 0.0000]; 
[0.0000 -0.0444 4.7124 0.0000]; 
[0.0000 -0.0500 4.7124 0.0000]; 
]; 
[ 
[0.0000 0.0000 4.7124 0.0000]; 
[0.0000 -0.0444 4.7124 0.0000]; 
[0.0000 -0.0889 4.7124 0.0000]; 
[0.0000 -0.1333 4.7124 0.0000]; 
[0.0000 -0.1778 4.7124 0.0000]; 
[0.0000 -0.2222 4.7124 0.0000]; 
[0.0000 -0.2667 4.7124 0.0000]; 
[0.0000 -0.3111 4.7124 0.0000]; 
[0.0000 -0.3556 4.7124 0.0000]; 
[0.0000 -0.4000 4.7124 0.0000]; 
]; 
[ 
[0.0000 0.0000 4.7124 0.0000]; 
[0.0069 -0.0408 4.7949 0.0000]; 
[0.0207 -0.0810 4.8774 0.0000]; 
[0.0414 -0.1201 4.9598 0.0000]; 
[0.0688 -0.1574 5.0423 0.0000]; 
[0.1028 -0.1925 5.1248 0.0000]; 
[0.1432 -0.2249 5.2073 0.0000]; 
[0.1898 -0.2539 5.2898 0.0000]; 
[0.2421 -0.2791 5.3723 0.0000]; 
[0.3000 -0.3000 5.4548 0.0000]; 
]; 
[ 
[0.0000 0.0000 4.7124 0.0000]; 
[-0.0069 -0.0408 4.6299 0.0000]; 
[-0.0207 -0.0810 4.5474 0.0000]; 
[-0.0414 -0.1201 4.4649 0.0000]; 
[-0.0688 -0.1574 4.3824 0.0000]; 
[-0.1028 -0.1925 4.3000 0.0000]; 
[-0.1432 -0.2249 4.2175 0.0000]; 
[-0.1898 -0.2539 4.1350 0.0000]; 
[-0.2421 -0.2791 4.0525 0.0000]; 
[-0.3000 -0.3000 3.9700 0.0000]; 
]; 
[ 
[0.0000 0.0000 4.7124 0.0000]; 
[0.0000 -0.0444 4.7124 0.0028]; 
[0.0000 -0.0889 4.7124 0.0056]; 
[0.0000 -0.1333 4.7124 0.0083]; 
[0.0000 -0.1778 4.7124 0.0111]; 
[0.0000 -0.2222 4.7124 0.0139]; 
[0.0000 -0.2667 4.7124 0.0167]; 
[0.0000 -0.3111 4.7124 0.0194]; 
[0.0000 -0.3556 4.7124 0.0222]; 
[0.0000 -0.4000 4.7124 0.0250]; 
]; 
[ 
[0.0000 0.0000 4.7124 0.0000]; 
[0.0069 -0.0408 4.7949 0.0028]; 
[0.0207 -0.0810 4.8774 0.0056]; 
[0.0414 -0.1201 4.9598 0.0083]; 
[0.0688 -0.1574 5.0423 0.0111]; 
[0.1028 -0.1925 5.1248 0.0139]; 
[0.1432 -0.2249 5.2073 0.0167]; 
[0.1898 -0.2539 5.2898 0.0194]; 
[0.2421 -0.2791 5.3723 0.0222]; 
[0.3000 -0.3000 5.4548 0.0250]; 
]; 
[ 
[0.0000 0.0000 4.7124 0.0000]; 
[-0.0069 -0.0408 4.6299 0.0028]; 
[-0.0207 -0.0810 4.5474 0.0056]; 
[-0.0414 -0.1201 4.4649 0.0083]; 
[-0.0688 -0.1574 4.3824 0.0111]; 
[-0.1028 -0.1925 4.3000 0.0139]; 
[-0.1432 -0.2249 4.2175 0.0167]; 
[-0.1898 -0.2539 4.1350 0.0194]; 
[-0.2421 -0.2791 4.0525 0.0222]; 
[-0.3000 -0.3000 3.9700 0.0250]; 
]; 
[ 
[0.0000 0.0000 4.7124 0.0000]; 
[0.0000 -0.0444 4.7124 -0.0028]; 
[0.0000 -0.0889 4.7124 -0.0056]; 
[0.0000 -0.1333 4.7124 -0.0083]; 
[0.0000 -0.1778 4.7124 -0.0111]; 
[0.0000 -0.2222 4.7124 -0.0139]; 
[0.0000 -0.2667 4.7124 -0.0167]; 
[0.0000 -0.3111 4.7124 -0.0194]; 
[0.0000 -0.3556 4.7124 -0.0222]; 
[0.0000 -0.4000 4.7124 -0.0250]; 
]; 
[ 
[0.0000 0.0000 4.7124 0.0000]; 
[0.0069 -0.0408 4.7949 -0.0028]; 
[0.0207 -0.0810 4.8774 -0.0056]; 
[0.0414 -0.1201 4.9598 -0.0083]; 
[0.0688 -0.1574 5.0423 -0.0111]; 
[0.1028 -0.1925 5.1248 -0.0139]; 
[0.1432 -0.2249 5.2073 -0.0167]; 
[0.1898 -0.2539 5.2898 -0.0194]; 
[0.2421 -0.2791 5.3723 -0.0222]; 
[0.3000 -0.3000 5.4548 -0.0250]; 
]; 
[ 
[0.0000 0.0000 4.7124 0.0000]; 
[-0.0069 -0.0408 4.6299 -0.0028]; 
[-0.0207 -0.0810 4.5474 -0.0056]; 
[-0.0414 -0.1201 4.4649 -0.0083]; 
[-0.0688 -0.1574 4.3824 -0.0111]; 
[-0.1028 -0.1925 4.3000 -0.0139]; 
[-0.1432 -0.2249 4.2175 -0.0167]; 
[-0.1898 -0.2539 4.1350 -0.0194]; 
[-0.2421 -0.2791 4.0525 -0.0222]; 
[-0.3000 -0.3000 3.9700 -0.0250]; 
]; 
[ 
[0.0000 0.0000 5.4978 0.0000]; 
[0.0056 -0.0056 5.4978 0.0000]; 
[0.0111 -0.0111 5.4978 0.0000]; 
[0.0167 -0.0167 5.4978 0.0000]; 
[0.0222 -0.0222 5.4978 0.0000]; 
[0.0278 -0.0278 5.4978 0.0000]; 
[0.0333 -0.0333 5.4978 0.0000]; 
[0.0389 -0.0389 5.4978 0.0000]; 
[0.0444 -0.0444 5.4978 0.0000]; 
[0.0500 -0.0500 5.4978 0.0000]; 
]; 
[ 
[0.0000 0.0000 5.4978 0.0000]; 
[0.0333 -0.0333 5.4978 0.0000]; 
[0.0667 -0.0667 5.4978 0.0000]; 
[0.1000 -0.1000 5.4978 0.0000]; 
[0.1333 -0.1333 5.4978 0.0000]; 
[0.1667 -0.1667 5.4978 0.0000]; 
[0.2000 -0.2000 5.4978 0.0000]; 
[0.2333 -0.2333 5.4978 0.0000]; 
[0.2667 -0.2667 5.4978 0.0000]; 
[0.3000 -0.3000 5.4978 0.0000]; 
]; 
[ 
[0.0000 0.0000 5.4978 0.0000]; 
[0.0318 -0.0226 5.5803 0.0000]; 
[0.0678 -0.0402 5.6628 0.0000]; 
[0.1076 -0.0525 5.7452 0.0000]; 
[0.1508 -0.0591 5.8277 0.0000]; 
[0.1969 -0.0598 5.9102 0.0000]; 
[0.2454 -0.0544 5.9927 0.0000]; 
[0.2957 -0.0427 6.0752 0.0000]; 
[0.3475 -0.0246 6.1577 0.0000]; 
[0.4000 0.0000 6.2402 0.0000]; 
]; 
[ 
[0.0000 0.0000 5.4978 0.0000]; 
[0.0226 -0.0318 5.4153 0.0000]; 
[0.0402 -0.0678 5.3328 0.0000]; 
[0.0525 -0.1076 5.2503 0.0000]; 
[0.0591 -0.1508 5.1678 0.0000]; 
[0.0598 -0.1969 5.0854 0.0000]; 
[0.0544 -0.2454 5.0029 0.0000]; 
[0.0427 -0.2957 4.9204 0.0000]; 
[0.0246 -0.3475 4.8379 0.0000]; 
[0.0000 -0.4000 4.7554 0.0000]; 
]; 
[ 
[0.0000 0.0000 5.4978 0.0000]; 
[0.0333 -0.0333 5.4978 0.0028]; 
[0.0667 -0.0667 5.4978 0.0056]; 
[0.1000 -0.1000 5.4978 0.0083]; 
[0.1333 -0.1333 5.4978 0.0111]; 
[0.1667 -0.1667 5.4978 0.0139]; 
[0.2000 -0.2000 5.4978 0.0167]; 
[0.2333 -0.2333 5.4978 0.0194]; 
[0.2667 -0.2667 5.4978 0.0222]; 
[0.3000 -0.3000 5.4978 0.0250]; 
]; 
[ 
[0.0000 0.0000 5.4978 0.0000]; 
[0.0318 -0.0226 5.5803 0.0028]; 
[0.0678 -0.0402 5.6628 0.0056]; 
[0.1076 -0.0525 5.7452 0.0083]; 
[0.1508 -0.0591 5.8277 0.0111]; 
[0.1969 -0.0598 5.9102 0.0139]; 
[0.2454 -0.0544 5.9927 0.0167]; 
[0.2957 -0.0427 6.0752 0.0194]; 
[0.3475 -0.0246 6.1577 0.0222]; 
[0.4000 0.0000 6.2402 0.0250]; 
]; 
[ 
[0.0000 0.0000 5.4978 0.0000]; 
[0.0226 -0.0318 5.4153 0.0028]; 
[0.0402 -0.0678 5.3328 0.0056]; 
[0.0525 -0.1076 5.2503 0.0083]; 
[0.0591 -0.1508 5.1678 0.0111]; 
[0.0598 -0.1969 5.0854 0.0139]; 
[0.0544 -0.2454 5.0029 0.0167]; 
[0.0427 -0.2957 4.9204 0.0194]; 
[0.0246 -0.3475 4.8379 0.0222]; 
[0.0000 -0.4000 4.7554 0.0250]; 
]; 
[ 
[0.0000 0.0000 5.4978 0.0000]; 
[0.0333 -0.0333 5.4978 -0.0028]; 
[0.0667 -0.0667 5.4978 -0.0056]; 
[0.1000 -0.1000 5.4978 -0.0083]; 
[0.1333 -0.1333 5.4978 -0.0111]; 
[0.1667 -0.1667 5.4978 -0.0139]; 
[0.2000 -0.2000 5.4978 -0.0167]; 
[0.2333 -0.2333 5.4978 -0.0194]; 
[0.2667 -0.2667 5.4978 -0.0222]; 
[0.3000 -0.3000 5.4978 -0.0250]; 
]; 
[ 
[0.0000 0.0000 5.4978 0.0000]; 
[0.0318 -0.0226 5.5803 -0.0028]; 
[0.0678 -0.0402 5.6628 -0.0056]; 
[0.1076 -0.0525 5.7452 -0.0083]; 
[0.1508 -0.0591 5.8277 -0.0111]; 
[0.1969 -0.0598 5.9102 -0.0139]; 
[0.2454 -0.0544 5.9927 -0.0167]; 
[0.2957 -0.0427 6.0752 -0.0194]; 
[0.3475 -0.0246 6.1577 -0.0222]; 
[0.4000 0.0000 6.2402 -0.0250]; 
]; 
[ 
[0.0000 0.0000 5.4978 0.0000]; 
[0.0226 -0.0318 5.4153 -0.0028]; 
[0.0402 -0.0678 5.3328 -0.0056]; 
[0.0525 -0.1076 5.2503 -0.0083]; 
[0.0591 -0.1508 5.1678 -0.0111]; 
[0.0598 -0.1969 5.0854 -0.0139]; 
[0.0544 -0.2454 5.0029 -0.0167]; 
[0.0427 -0.2957 4.9204 -0.0194]; 
[0.0246 -0.3475 4.8379 -0.0222]; 
[0.0000 -0.4000 4.7554 -0.0250]; 
]; 
