resolution_m: 0.025000
numberofangles: 8
totalnumberofprimitives: 80
[ 
[0.0000 0.0000 0.0000 0.0000]; 
[0.0056 0.0000 0.0000 0.0000]; 
[0.0111 0.0000 0.0000 0.0000]; 
[0.0167 0.0000 0.0000 0.0000]; 
[0.0222 0.0000 0.0000 0.0000]; 
[0.0278 0.0000 0.0000 0.0000]; 
[0.0333 0.0000 0.0000 0.0000]; 
[0.0389 0.0000 0.0000 0.0000]; 
[0.0444 0.0000 0.0000 0.0000]; 
[0.0500 0.0000 0.0000 0.0000]; 
]; 
[ 
[0.0000 0.0000 0.0000 0.0000]; 
[0.0444 0.0000 0.0000 0.0000]; 
[0.0889 0.0000 0.0000 0.0000]; 
[0.1333 0.0000 0.0000 0.0000]; 
[0.1778 0.0000 0.0000 0.0000]; 
[0.2222 0.0000 0.0000 0.0000]; 
[0.2667 0.0000 0.0000 0.0000]; 
[0.3111 0.0000 0.0000 0.0000]; 
[0.3556 0.0000 0.0000 0.0000]; 
[0.4000 0.0000 0.0000 0.0000]; 
]; 
[ 
[0.0000 0.0000 0.0000 0.0000]; 
[0.0429 0.0028 0.0846 0.0000]; 
[0.0855 0.0092 0.1693 0.0000]; 
[0.1275 0.0192 0.2539 0.0000]; 
[0.1685 0.0328 0.3385 0.0000]; 
[0.2084 0.0499 0.4232 0.0000]; 
[0.2467 0.0703 0.5078 0.0000]; 
[0.2833 0.0939 0.5924 0.0000]; 
[0.3178 0.1205 0.6771 0.0000]; 
[0.3500 0.1500 0.7617 0.0000]; 
]; 
[ 
[0.0000 0.0000 0.0000 0.0000]; 
[0.0429 -0.0028 -0.0846 0.0000]; 
[0.0855 -0.0092 -0.1693 0.0000]; 
[0.1275 -0.0192 -0.2539 0.0000]; 
[0.1685 -0.0328 -0.3385 0.0000]; 
[0.2084 -0.0499 -0.4232 0.0000]; 
[0.2467 -0.0703 -0.5078 0.0000]; 
[0.2833 -0.0939 -0.5924 0.0000]; 
[0.3178 -0.1205 -0.6771 0.0000]; 
[0.3500 -0.1500 -0.7617 0.0000]; 
]; 
[ 
[0.0000 0.0000 0.0000 0.0000]; 
[0.0444 0.0000 0.0000 0.0028]; 
[0.0889 0.0000 0.0000 0.0056]; 
[0.1333 0.0000 0.0000 0.0083]; 
[0.1778 0.0000 0.0000 0.0111]; 
[0.2222 0.0000 0.0000 0.0139]; 
[0.2667 0.0000 0.0000 0.0167]; 
[0.3111 0.0000 0.0000 0.0194]; 
[0.3556 0.0000 0.0000 0.0222]; 
[0.4000 0.0000 0.0000 0.0250]; 
]; 
[ 
[0.0000 0.0000 0.0000 0.0000]; 
[0.0429 0.0028 0.0846 0.0028]; 
[0.0855 0.0092 0.1693 0.0056]; 
[0.1275 0.0192 0.2539 0.0083]; 
[0.1685 0.0328 0.3385 0.0111]; 
[0.2084 0.0499 0.4232 0.0139]; 
[0.2467 0.0703 0.5078 0.0167]; 
[0.2833 0.0939 0.5924 0.0194]; 
[0.3178 0.1205 0.6771 0.0222]; 
[0.3500 0.1500 0.7617 0.0250]; 
]; 
[ 
[0.0000 0.0000 0.0000 0.0000]; 
[0.0429 -0.0028 -0.0846 0.0028]; 
[0.0855 -0.0092 -0.1693 0.0056]; 
[0.1275 -0.0192 -0.2539 0.0083]; 
[0.1685 -0.0328 -0.3385 0.0111]; 
[0.2084 -0.0499 -0.4232 0.0139]; 
[0.2467 -0.0703 -0.5078 0.0167]; 
[0.2833 -0.0939 -0.5924 0.0194]; 
[0.3178 -0.1205 -0.6771 0.0222]; 
[0.3500 -0.1500 -0.7617 0.0250]; 
]; 
[ 
[0.0000 0.0000 0.0000 0.0000]; 
[0.0444 0.0000 0.0000 -0.0028]; 
[0.0889 0.0000 0.0000 -0.0056]; 
[0.1333 0.0000 0.0000 -0.0083]; 
[0.1778 0.0000 0.0000 -0.0111]; 
[0.2222 0.0000 0.0000 -0.0139]; 
[0.2667 0.0000 0.0000 -0.0167]; 
[0.3111 0.0000 0.0000 -0.0194]; 
[0.3556 0.0000 0.0000 -0.0222]; 
[0.4000 0.0000 0.0000 -0.0250]; 
]; 
[ 
[0.0000 0.0000 0.0000 0.0000]; 
[0.0429 0.0028 0.0846 -0.0028]; 
[0.0855 0.0092 0.1693 -0.0056]; 
[0.1275 0.0192 0.2539 -0.0083]; 
[0.1685 0.0328 0.3385 -0.0111]; 
[0.2084 0.0499 0.4232 -0.0139]; 
[0.2467 0.0703 0.5078 -0.0167]; 
[0.2833 0.0939 0.5924 -0.0194]; 
[0.3178 0.1205 0.6771 -0.0222]; 
[0.3500 0.1500 0.7617 -0.0250]; 
]; 
[ 
[0.0000 0.0000 0.0000 0.0000]; 
[0.0429 -0.0028 -0.0846 -0.0028]; 
[0.0855 -0.0092 -0.1693 -0.0056]; 
[0.1275 -0.0192 -0.2539 -0.0083]; 
[0.1685 -0.0328 -0.3385 -0.0111]; 
[0.2084 -0.0499 -0.4232 -0.0139]; 
[0.2467 -0.0703 -0.5078 -0.0167]; 
[0.2833 -0.0939 -0.5924 -0.0194]; 
[0.3178 -0.1205 -0.6771 -0.0222]; 
[0.3500 -0.1500 -0.7617 -0.0250]; 
]; 
